>CCCCCTWGTGGM	1-CCCCCTWGTGGM	10.169562	-44.897567	0	T:20.0(10.42%),B:249.8(0.50%),P:1e-19	Tpos:101.9,Tstd:38.4,Bpos:104.1,Bstd:57.3,StrandBias:1.2,Multiplicity:1.00
0.001	0.997	0.001	0.001
0.001	0.883	0.001	0.115
0.207	0.584	0.001	0.208
0.001	0.647	0.001	0.351
0.001	0.997	0.001	0.001
0.001	0.086	0.001	0.912
0.449	0.001	0.236	0.313
0.001	0.318	0.680	0.001
0.119	0.001	0.001	0.879
0.001	0.001	0.997	0.001
0.001	0.001	0.652	0.346
0.468	0.530	0.001	0.001
>HTGACTGAGTCA	2-HTGACTGAGTCA	8.057163	-44.741289	0	T:37.0(19.27%),B:1402.1(2.83%),P:1e-19	Tpos:104.0,Tstd:48.3,Bpos:101.3,Bstd:73.7,StrandBias:0.4,Multiplicity:1.03
0.344	0.343	0.111	0.202
0.271	0.001	0.001	0.727
0.202	0.139	0.524	0.135
0.662	0.204	0.067	0.067
0.272	0.474	0.253	0.001
0.001	0.066	0.001	0.932
0.001	0.318	0.680	0.001
0.932	0.066	0.001	0.001
0.001	0.316	0.477	0.206
0.003	0.135	0.067	0.795
0.067	0.683	0.183	0.067
0.795	0.135	0.001	0.069
>AAAAAATAACAG	3-AAAAAATAACAG	11.997523	-28.062720	0	T:12.0(6.25%),B:141.0(0.28%),P:1e-12	Tpos:126.3,Tstd:45.5,Bpos:103.9,Bstd:47.8,StrandBias:1.0,Multiplicity:1.00
0.861	0.001	0.137	0.001
0.723	0.138	0.001	0.138
0.873	0.001	0.001	0.125
0.829	0.001	0.169	0.001
0.997	0.001	0.001	0.001
0.997	0.001	0.001	0.001
0.001	0.001	0.001	0.997
0.867	0.001	0.001	0.131
0.997	0.001	0.001	0.001
0.075	0.923	0.001	0.001
0.997	0.001	0.001	0.001
0.001	0.001	0.997	0.001
>CCYMCCGGAGGA	4-CCYMCCGGAGGA	9.009745	-23.748826	0	T:15.0(7.81%),B:385.4(0.78%),P:1e-10	Tpos:88.1,Tstd:60.0,Bpos:102.8,Bstd:58.9,StrandBias:-0.4,Multiplicity:1.00
0.001	0.575	0.423	0.001
0.096	0.902	0.001	0.001
0.197	0.353	0.001	0.448
0.372	0.426	0.001	0.200
0.001	0.903	0.095	0.001
0.165	0.636	0.192	0.007
0.001	0.199	0.647	0.153
0.006	0.003	0.800	0.191
0.997	0.001	0.001	0.001
0.001	0.001	0.825	0.173
0.001	0.001	0.997	0.001
0.734	0.264	0.001	0.001
>ARACAGCAATAC	5-ARACAGCAATAC	10.482291	-23.456764	0	T:11.0(5.73%),B:162.3(0.33%),P:1e-10	Tpos:122.4,Tstd:64.2,Bpos:92.4,Bstd:64.7,StrandBias:0.0,Multiplicity:1.00
0.927	0.001	0.001	0.071
0.443	0.005	0.551	0.001
0.848	0.001	0.146	0.005
0.001	0.725	0.001	0.273
0.997	0.001	0.001	0.001
0.217	0.001	0.781	0.001
0.245	0.593	0.072	0.090
0.909	0.001	0.001	0.089
0.544	0.058	0.128	0.270
0.144	0.001	0.184	0.671
0.775	0.058	0.005	0.162
0.162	0.687	0.061	0.090
>YCACCTGGTGRW	6-YCACCTGGTGRW	8.990630	-22.278314	0	T:18.0(9.38%),B:670.4(1.35%),P:1e-9	Tpos:111.8,Tstd:56.7,Bpos:102.9,Bstd:65.3,StrandBias:0.4,Multiplicity:1.11
0.223	0.348	0.001	0.428
0.001	0.997	0.001	0.001
0.835	0.001	0.082	0.082
0.080	0.626	0.293	0.001
0.234	0.684	0.081	0.001
0.335	0.001	0.001	0.663
0.001	0.001	0.664	0.334
0.060	0.124	0.815	0.001
0.090	0.001	0.001	0.908
0.001	0.001	0.997	0.001
0.403	0.001	0.544	0.052
0.314	0.145	0.082	0.459
>AGAGTAAGAGAA	7-AGAGTAAGAGAA	12.744256	-21.501121	0	T:6.0(3.12%),B:22.5(0.05%),P:1e-9	Tpos:99.8,Tstd:48.5,Bpos:106.4,Bstd:54.5,StrandBias:1.0,Multiplicity:1.00
0.789	0.001	0.001	0.209
0.001	0.001	0.997	0.001
0.789	0.001	0.001	0.209
0.001	0.001	0.997	0.001
0.001	0.001	0.001	0.997
0.997	0.001	0.001	0.001
0.997	0.001	0.001	0.001
0.001	0.001	0.997	0.001
0.605	0.001	0.210	0.184
0.001	0.001	0.997	0.001
0.604	0.001	0.001	0.394
0.997	0.001	0.001	0.001
>GCTGGAGAGAAT	8-GCTGGAGAGAAT	9.561837	-20.995917	0	T:16.0(8.33%),B:552.4(1.12%),P:1e-9	Tpos:61.6,Tstd:30.2,Bpos:100.2,Bstd:63.7,StrandBias:-1.1,Multiplicity:1.07
0.080	0.217	0.561	0.142
0.084	0.841	0.070	0.005
0.080	0.001	0.080	0.839
0.003	0.001	0.995	0.001
0.160	0.001	0.782	0.057
0.838	0.001	0.080	0.081
0.001	0.001	0.913	0.085
0.665	0.001	0.254	0.080
0.241	0.160	0.598	0.001
0.919	0.001	0.001	0.079
0.791	0.207	0.001	0.001
0.001	0.080	0.245	0.674
>ACAGCCTCTTTC	9-ACAGCCTCTTTC	10.280083	-17.514356	0	T:11.0(5.73%),B:289.4(0.58%),P:1e-7	Tpos:93.1,Tstd:56.0,Bpos:94.7,Bstd:62.3,StrandBias:1.6,Multiplicity:1.09
0.742	0.063	0.108	0.087
0.001	0.929	0.069	0.001
0.922	0.001	0.001	0.076
0.001	0.108	0.783	0.108
0.001	0.905	0.001	0.093
0.189	0.806	0.001	0.004
0.108	0.001	0.094	0.797
0.001	0.783	0.215	0.001
0.005	0.163	0.001	0.831
0.001	0.140	0.189	0.670
0.001	0.070	0.005	0.924
0.001	0.922	0.076	0.001
>CTTATGAGTCAG	10-CTTATGAGTCAG	10.362449	-17.412918	0	T:6.0(3.12%),B:44.9(0.09%),P:1e-7	Tpos:81.5,Tstd:53.2,Bpos:125.3,Bstd:51.9,StrandBias:0.0,Multiplicity:1.00
0.088	0.720	0.110	0.082
0.158	0.057	0.028	0.757
0.041	0.159	0.129	0.671
0.689	0.185	0.108	0.018
0.044	0.048	0.085	0.823
0.053	0.077	0.707	0.163
0.762	0.074	0.085	0.079
0.094	0.114	0.583	0.209
0.070	0.074	0.072	0.784
0.025	0.895	0.023	0.057
0.915	0.001	0.028	0.056
0.076	0.057	0.699	0.168
>ATTTTTTTYTTT	11-ATTTTTTTYTTT	12.102300	-5.358467	0	T:21.0(10.94%),B:2910.7(5.88%),P:1e-2	Tpos:84.2,Tstd:53.1,Bpos:101.5,Bstd:48.6,StrandBias:0.8,Multiplicity:1.05
0.607	0.001	0.004	0.388
0.049	0.067	0.031	0.853
0.001	0.069	0.042	0.888
0.001	0.037	0.001	0.961
0.082	0.001	0.032	0.885
0.001	0.001	0.001	0.997
0.001	0.001	0.001	0.997
0.001	0.051	0.001	0.947
0.001	0.426	0.001	0.572
0.001	0.187	0.001	0.811
0.001	0.102	0.097	0.800
0.001	0.149	0.001	0.849
