>ATGACTCA	1-ATGACTCA	8.753781	-63.626490	0	T:42.0(21.88%),B:1140.3(2.30%),P:1e-27	Tpos:92.9,Tstd:45.3,Bpos:100.4,Bstd:69.2,StrandBias:-0.4,Multiplicity:1.05
0.745	0.085	0.162	0.008
0.001	0.001	0.001	0.997
0.028	0.001	0.970	0.001
0.997	0.001	0.001	0.001
0.047	0.670	0.233	0.050
0.001	0.001	0.020	0.978
0.009	0.952	0.030	0.009
0.992	0.001	0.001	0.006
>ATGAATCA	2-ATGAATCA	6.476308	-16.539308	0	T:46.0(23.96%),B:5179.3(10.45%),P:1e-7	Tpos:101.1,Tstd:57.0,Bpos:100.2,Bstd:65.4,StrandBias:-0.3,Multiplicity:1.15
0.725	0.090	0.184	0.001
0.031	0.001	0.043	0.925
0.001	0.001	0.989	0.009
0.961	0.001	0.001	0.037
0.801	0.001	0.001	0.197
0.001	0.031	0.019	0.949
0.001	0.846	0.082	0.071
0.983	0.015	0.001	0.001
>CCTAGGGC	3-CCTAGGGC	5.476293	-13.968617	0	T:45.0(23.44%),B:5478.8(11.06%),P:1e-6	Tpos:97.4,Tstd:56.3,Bpos:101.0,Bstd:63.1,StrandBias:-0.2,Multiplicity:1.11
0.001	0.997	0.001	0.001
0.001	0.960	0.001	0.038
0.056	0.054	0.083	0.807
0.784	0.076	0.061	0.079
0.036	0.001	0.962	0.001
0.024	0.001	0.974	0.001
0.032	0.027	0.906	0.035
0.079	0.768	0.047	0.106
>AAACCACA	4-AAACCACA	7.608648	-13.814787	0	T:33.0(17.19%),B:3394.3(6.85%),P:1e-5	Tpos:97.3,Tstd:50.9,Bpos:100.0,Bstd:62.9,StrandBias:0.8,Multiplicity:1.06
0.997	0.001	0.001	0.001
0.783	0.001	0.061	0.155
0.868	0.045	0.086	0.001
0.001	0.926	0.072	0.001
0.001	0.997	0.001	0.001
0.997	0.001	0.001	0.001
0.001	0.997	0.001	0.001
0.954	0.044	0.001	0.001
>TTTTTTTT	5-TTTTTTTT	8.236954	-2.091336	0	T:24.0(12.50%),B:4827.8(9.74%),P:1e0	Tpos:83.5,Tstd:55.0,Bpos:101.0,Bstd:50.9,StrandBias:0.6,Multiplicity:1.17
0.100	0.100	0.100	0.700
0.100	0.100	0.100	0.700
0.100	0.100	0.100	0.700
0.100	0.100	0.100	0.700
0.100	0.100	0.100	0.700
0.100	0.100	0.100	0.700
0.100	0.100	0.100	0.700
0.100	0.100	0.100	0.700
