>VAATGACTCA	1-VAATGACTCA	8.369182	-59.443352	0	T:44.0(22.92%),B:1434.1(2.89%),P:1e-25	Tpos:98.2,Tstd:45.9,Bpos:100.8,Bstd:68.2,StrandBias:-0.4,Multiplicity:1.02
0.262	0.287	0.345	0.107
0.525	0.202	0.179	0.094
0.506	0.202	0.291	0.001
0.001	0.001	0.001	0.997
0.001	0.001	0.997	0.001
0.997	0.001	0.001	0.001
0.001	0.662	0.336	0.001
0.001	0.001	0.001	0.997
0.001	0.997	0.001	0.001
0.997	0.001	0.001	0.001
>CCACCTGGTG	2-CCACCTGGTG	6.491854	-31.848155	0	T:51.0(26.56%),B:3968.5(8.01%),P:1e-13	Tpos:110.8,Tstd:52.7,Bpos:102.1,Bstd:63.9,StrandBias:0.4,Multiplicity:1.18
0.068	0.804	0.017	0.111
0.007	0.954	0.029	0.010
0.788	0.072	0.026	0.114
0.042	0.768	0.098	0.092
0.110	0.783	0.044	0.063
0.142	0.106	0.042	0.710
0.094	0.013	0.757	0.136
0.052	0.171	0.731	0.046
0.054	0.074	0.053	0.819
0.044	0.039	0.893	0.024
>AAACCACAAT	3-AAACCACAAT	10.031906	-23.015766	0	T:17.0(8.85%),B:557.2(1.12%),P:1e-9	Tpos:114.6,Tstd:56.0,Bpos:100.0,Bstd:59.0,StrandBias:0.4,Multiplicity:1.00
0.871	0.001	0.127	0.001
0.997	0.001	0.001	0.001
0.997	0.001	0.001	0.001
0.001	0.913	0.085	0.001
0.001	0.997	0.001	0.001
0.913	0.001	0.001	0.085
0.001	0.936	0.062	0.001
0.849	0.060	0.001	0.090
0.736	0.185	0.001	0.078
0.128	0.093	0.001	0.778
>AGCCTCTGAA	4-AGCCTCTGAA	8.057596	-21.902401	0	T:21.0(10.94%),B:971.9(1.96%),P:1e-9	Tpos:102.8,Tstd:51.3,Bpos:102.3,Bstd:63.9,StrandBias:-0.1,Multiplicity:1.00
0.997	0.001	0.001	0.001
0.081	0.082	0.836	0.001
0.066	0.809	0.059	0.066
0.001	0.939	0.001	0.059
0.001	0.001	0.001	0.997
0.110	0.824	0.065	0.001
0.001	0.001	0.001	0.997
0.087	0.036	0.876	0.001
0.859	0.063	0.001	0.077
0.920	0.078	0.001	0.001
>AGACAGCAAT	5-AGACAGCAAT	10.175328	-21.899734	0	T:15.0(7.81%),B:441.1(0.89%),P:1e-9	Tpos:76.5,Tstd:54.0,Bpos:102.8,Bstd:63.7,StrandBias:1.3,Multiplicity:1.00
0.997	0.001	0.001	0.001
0.168	0.076	0.755	0.001
0.818	0.001	0.071	0.110
0.068	0.930	0.001	0.001
0.997	0.001	0.001	0.001
0.001	0.001	0.997	0.001
0.047	0.951	0.001	0.001
0.911	0.087	0.001	0.001
0.846	0.001	0.065	0.088
0.060	0.001	0.071	0.868
>TAGCCTCGGG	6-TAGCCTCGGG	11.529357	-20.857050	0	T:7.0(3.65%),B:46.5(0.09%),P:1e-9	Tpos:88.6,Tstd:46.3,Bpos:100.5,Bstd:73.0,StrandBias:-1.3,Multiplicity:1.00
0.001	0.187	0.001	0.811
0.997	0.001	0.001	0.001
0.001	0.001	0.997	0.001
0.001	0.997	0.001	0.001
0.001	0.997	0.001	0.001
0.001	0.001	0.001	0.997
0.001	0.997	0.001	0.001
0.293	0.001	0.705	0.001
0.001	0.001	0.751	0.247
0.001	0.001	0.997	0.001
>CMTGATGAAB	7-CMTGATGAAB	8.261011	-15.764864	0	T:27.0(14.06%),B:2203.8(4.45%),P:1e-6	Tpos:88.5,Tstd:55.2,Bpos:100.9,Bstd:65.7,StrandBias:0.0,Multiplicity:1.15
0.001	0.962	0.036	0.001
0.392	0.409	0.001	0.198
0.001	0.001	0.277	0.721
0.084	0.001	0.914	0.001
0.851	0.001	0.001	0.147
0.001	0.001	0.359	0.639
0.001	0.001	0.997	0.001
0.997	0.001	0.001	0.001
0.482	0.117	0.177	0.225
0.001	0.330	0.320	0.349
>TAGGATTCCT	8-TAGGATTCCT	8.012520	-14.912833	0	T:19.0(9.90%),B:1212.1(2.45%),P:1e-6	Tpos:78.4,Tstd:60.4,Bpos:104.1,Bstd:64.1,StrandBias:0.2,Multiplicity:1.05
0.090	0.319	0.001	0.590
0.997	0.001	0.001	0.001
0.001	0.001	0.754	0.244
0.093	0.001	0.905	0.001
0.860	0.001	0.138	0.001
0.327	0.009	0.001	0.663
0.001	0.129	0.001	0.869
0.001	0.924	0.001	0.074
0.103	0.793	0.001	0.103
0.001	0.001	0.001	0.997
>CGAAACTAGT	9-CGAAACTAGT	10.987243	-14.166300	0	T:5.0(2.60%),B:41.1(0.08%),P:1e-6	Tpos:116.2,Tstd:54.1,Bpos:111.2,Bstd:68.3,StrandBias:0.0,Multiplicity:1.00
0.001	0.740	0.146	0.113
0.001	0.001	0.876	0.122
0.997	0.001	0.001	0.001
0.784	0.001	0.001	0.214
0.997	0.001	0.001	0.001
0.187	0.811	0.001	0.001
0.001	0.001	0.001	0.997
0.997	0.001	0.001	0.001
0.001	0.001	0.997	0.001
0.001	0.001	0.001	0.997
>TTCCATGACY	10-TTCCATGACY	8.819447	-13.460575	0	T:18.0(9.38%),B:1209.9(2.44%),P:1e-5	Tpos:95.5,Tstd:45.9,Bpos:102.4,Bstd:64.8,StrandBias:-0.3,Multiplicity:1.11
0.198	0.001	0.001	0.800
0.001	0.001	0.001	0.997
0.001	0.705	0.001	0.293
0.003	0.993	0.003	0.001
0.997	0.001	0.001	0.001
0.001	0.001	0.363	0.635
0.034	0.001	0.964	0.001
0.825	0.001	0.001	0.173
0.001	0.608	0.390	0.001
0.001	0.572	0.001	0.426
>ATTTTTTTAY	11-ATTTTTTTAY	10.255383	-9.230152	0	T:24.0(12.50%),B:2637.3(5.32%),P:1e-4	Tpos:104.0,Tstd:47.6,Bpos:99.2,Bstd:55.3,StrandBias:1.0,Multiplicity:1.00
0.815	0.001	0.001	0.183
0.001	0.001	0.001	0.997
0.001	0.001	0.001	0.997
0.001	0.001	0.001	0.997
0.001	0.001	0.001	0.997
0.001	0.001	0.001	0.997
0.001	0.001	0.001	0.997
0.001	0.001	0.001	0.997
0.460	0.078	0.295	0.167
0.010	0.513	0.001	0.476
>CCCCCTWGTGGM	1-CCCCCTWGTGGM	10.169562	-44.897567	0	T:20.0(10.42%),B:249.8(0.50%),P:1e-19	Tpos:101.9,Tstd:38.4,Bpos:104.1,Bstd:57.3,StrandBias:1.2,Multiplicity:1.00
0.001	0.997	0.001	0.001
0.001	0.883	0.001	0.115
0.207	0.584	0.001	0.208
0.001	0.647	0.001	0.351
0.001	0.997	0.001	0.001
0.001	0.086	0.001	0.912
0.449	0.001	0.236	0.313
0.001	0.318	0.680	0.001
0.119	0.001	0.001	0.879
0.001	0.001	0.997	0.001
0.001	0.001	0.652	0.346
0.468	0.530	0.001	0.001
>HTGACTGAGTCA	2-HTGACTGAGTCA	8.057163	-44.741289	0	T:37.0(19.27%),B:1402.1(2.83%),P:1e-19	Tpos:104.0,Tstd:48.3,Bpos:101.3,Bstd:73.7,StrandBias:0.4,Multiplicity:1.03
0.344	0.343	0.111	0.202
0.271	0.001	0.001	0.727
0.202	0.139	0.524	0.135
0.662	0.204	0.067	0.067
0.272	0.474	0.253	0.001
0.001	0.066	0.001	0.932
0.001	0.318	0.680	0.001
0.932	0.066	0.001	0.001
0.001	0.316	0.477	0.206
0.003	0.135	0.067	0.795
0.067	0.683	0.183	0.067
0.795	0.135	0.001	0.069
>AAAAAATAACAG	3-AAAAAATAACAG	11.997523	-28.062720	0	T:12.0(6.25%),B:141.0(0.28%),P:1e-12	Tpos:126.3,Tstd:45.5,Bpos:103.9,Bstd:47.8,StrandBias:1.0,Multiplicity:1.00
0.861	0.001	0.137	0.001
0.723	0.138	0.001	0.138
0.873	0.001	0.001	0.125
0.829	0.001	0.169	0.001
0.997	0.001	0.001	0.001
0.997	0.001	0.001	0.001
0.001	0.001	0.001	0.997
0.867	0.001	0.001	0.131
0.997	0.001	0.001	0.001
0.075	0.923	0.001	0.001
0.997	0.001	0.001	0.001
0.001	0.001	0.997	0.001
>CCYMCCGGAGGA	4-CCYMCCGGAGGA	9.009745	-23.748826	0	T:15.0(7.81%),B:385.4(0.78%),P:1e-10	Tpos:88.1,Tstd:60.0,Bpos:102.8,Bstd:58.9,StrandBias:-0.4,Multiplicity:1.00
0.001	0.575	0.423	0.001
0.096	0.902	0.001	0.001
0.197	0.353	0.001	0.448
0.372	0.426	0.001	0.200
0.001	0.903	0.095	0.001
0.165	0.636	0.192	0.007
0.001	0.199	0.647	0.153
0.006	0.003	0.800	0.191
0.997	0.001	0.001	0.001
0.001	0.001	0.825	0.173
0.001	0.001	0.997	0.001
0.734	0.264	0.001	0.001
>ARACAGCAATAC	5-ARACAGCAATAC	10.482291	-23.456764	0	T:11.0(5.73%),B:162.3(0.33%),P:1e-10	Tpos:122.4,Tstd:64.2,Bpos:92.4,Bstd:64.7,StrandBias:0.0,Multiplicity:1.00
0.927	0.001	0.001	0.071
0.443	0.005	0.551	0.001
0.848	0.001	0.146	0.005
0.001	0.725	0.001	0.273
0.997	0.001	0.001	0.001
0.217	0.001	0.781	0.001
0.245	0.593	0.072	0.090
0.909	0.001	0.001	0.089
0.544	0.058	0.128	0.270
0.144	0.001	0.184	0.671
0.775	0.058	0.005	0.162
0.162	0.687	0.061	0.090
>YCACCTGGTGRW	6-YCACCTGGTGRW	8.990630	-22.278314	0	T:18.0(9.38%),B:670.4(1.35%),P:1e-9	Tpos:111.8,Tstd:56.7,Bpos:102.9,Bstd:65.3,StrandBias:0.4,Multiplicity:1.11
0.223	0.348	0.001	0.428
0.001	0.997	0.001	0.001
0.835	0.001	0.082	0.082
0.080	0.626	0.293	0.001
0.234	0.684	0.081	0.001
0.335	0.001	0.001	0.663
0.001	0.001	0.664	0.334
0.060	0.124	0.815	0.001
0.090	0.001	0.001	0.908
0.001	0.001	0.997	0.001
0.403	0.001	0.544	0.052
0.314	0.145	0.082	0.459
>AGAGTAAGAGAA	7-AGAGTAAGAGAA	12.744256	-21.501121	0	T:6.0(3.12%),B:22.5(0.05%),P:1e-9	Tpos:99.8,Tstd:48.5,Bpos:106.4,Bstd:54.5,StrandBias:1.0,Multiplicity:1.00
0.789	0.001	0.001	0.209
0.001	0.001	0.997	0.001
0.789	0.001	0.001	0.209
0.001	0.001	0.997	0.001
0.001	0.001	0.001	0.997
0.997	0.001	0.001	0.001
0.997	0.001	0.001	0.001
0.001	0.001	0.997	0.001
0.605	0.001	0.210	0.184
0.001	0.001	0.997	0.001
0.604	0.001	0.001	0.394
0.997	0.001	0.001	0.001
>GCTGGAGAGAAT	8-GCTGGAGAGAAT	9.561837	-20.995917	0	T:16.0(8.33%),B:552.4(1.12%),P:1e-9	Tpos:61.6,Tstd:30.2,Bpos:100.2,Bstd:63.7,StrandBias:-1.1,Multiplicity:1.07
0.080	0.217	0.561	0.142
0.084	0.841	0.070	0.005
0.080	0.001	0.080	0.839
0.003	0.001	0.995	0.001
0.160	0.001	0.782	0.057
0.838	0.001	0.080	0.081
0.001	0.001	0.913	0.085
0.665	0.001	0.254	0.080
0.241	0.160	0.598	0.001
0.919	0.001	0.001	0.079
0.791	0.207	0.001	0.001
0.001	0.080	0.245	0.674
>ACAGCCTCTTTC	9-ACAGCCTCTTTC	10.280083	-17.514356	0	T:11.0(5.73%),B:289.4(0.58%),P:1e-7	Tpos:93.1,Tstd:56.0,Bpos:94.7,Bstd:62.3,StrandBias:1.6,Multiplicity:1.09
0.742	0.063	0.108	0.087
0.001	0.929	0.069	0.001
0.922	0.001	0.001	0.076
0.001	0.108	0.783	0.108
0.001	0.905	0.001	0.093
0.189	0.806	0.001	0.004
0.108	0.001	0.094	0.797
0.001	0.783	0.215	0.001
0.005	0.163	0.001	0.831
0.001	0.140	0.189	0.670
0.001	0.070	0.005	0.924
0.001	0.922	0.076	0.001
>CTTATGAGTCAG	10-CTTATGAGTCAG	10.362449	-17.412918	0	T:6.0(3.12%),B:44.9(0.09%),P:1e-7	Tpos:81.5,Tstd:53.2,Bpos:125.3,Bstd:51.9,StrandBias:0.0,Multiplicity:1.00
0.088	0.720	0.110	0.082
0.158	0.057	0.028	0.757
0.041	0.159	0.129	0.671
0.689	0.185	0.108	0.018
0.044	0.048	0.085	0.823
0.053	0.077	0.707	0.163
0.762	0.074	0.085	0.079
0.094	0.114	0.583	0.209
0.070	0.074	0.072	0.784
0.025	0.895	0.023	0.057
0.915	0.001	0.028	0.056
0.076	0.057	0.699	0.168
>ATTTTTTTYTTT	11-ATTTTTTTYTTT	12.102300	-5.358467	0	T:21.0(10.94%),B:2910.7(5.88%),P:1e-2	Tpos:84.2,Tstd:53.1,Bpos:101.5,Bstd:48.6,StrandBias:0.8,Multiplicity:1.05
0.607	0.001	0.004	0.388
0.049	0.067	0.031	0.853
0.001	0.069	0.042	0.888
0.001	0.037	0.001	0.961
0.082	0.001	0.032	0.885
0.001	0.001	0.001	0.997
0.001	0.001	0.001	0.997
0.001	0.051	0.001	0.947
0.001	0.426	0.001	0.572
0.001	0.187	0.001	0.811
0.001	0.102	0.097	0.800
0.001	0.149	0.001	0.849
>ATGACTCA	1-ATGACTCA	8.753781	-63.626490	0	T:42.0(21.88%),B:1140.3(2.30%),P:1e-27	Tpos:92.9,Tstd:45.3,Bpos:100.4,Bstd:69.2,StrandBias:-0.4,Multiplicity:1.05
0.745	0.085	0.162	0.008
0.001	0.001	0.001	0.997
0.028	0.001	0.970	0.001
0.997	0.001	0.001	0.001
0.047	0.670	0.233	0.050
0.001	0.001	0.020	0.978
0.009	0.952	0.030	0.009
0.992	0.001	0.001	0.006
>ATGAATCA	2-ATGAATCA	6.476308	-16.539308	0	T:46.0(23.96%),B:5179.3(10.45%),P:1e-7	Tpos:101.1,Tstd:57.0,Bpos:100.2,Bstd:65.4,StrandBias:-0.3,Multiplicity:1.15
0.725	0.090	0.184	0.001
0.031	0.001	0.043	0.925
0.001	0.001	0.989	0.009
0.961	0.001	0.001	0.037
0.801	0.001	0.001	0.197
0.001	0.031	0.019	0.949
0.001	0.846	0.082	0.071
0.983	0.015	0.001	0.001
>CCTAGGGC	3-CCTAGGGC	5.476293	-13.968617	0	T:45.0(23.44%),B:5478.8(11.06%),P:1e-6	Tpos:97.4,Tstd:56.3,Bpos:101.0,Bstd:63.1,StrandBias:-0.2,Multiplicity:1.11
0.001	0.997	0.001	0.001
0.001	0.960	0.001	0.038
0.056	0.054	0.083	0.807
0.784	0.076	0.061	0.079
0.036	0.001	0.962	0.001
0.024	0.001	0.974	0.001
0.032	0.027	0.906	0.035
0.079	0.768	0.047	0.106
>AAACCACA	4-AAACCACA	7.608648	-13.814787	0	T:33.0(17.19%),B:3394.3(6.85%),P:1e-5	Tpos:97.3,Tstd:50.9,Bpos:100.0,Bstd:62.9,StrandBias:0.8,Multiplicity:1.06
0.997	0.001	0.001	0.001
0.783	0.001	0.061	0.155
0.868	0.045	0.086	0.001
0.001	0.926	0.072	0.001
0.001	0.997	0.001	0.001
0.997	0.001	0.001	0.001
0.001	0.997	0.001	0.001
0.954	0.044	0.001	0.001
>TTTTTTTT	5-TTTTTTTT	8.236954	-2.091336	0	T:24.0(12.50%),B:4827.8(9.74%),P:1e0	Tpos:83.5,Tstd:55.0,Bpos:101.0,Bstd:50.9,StrandBias:0.6,Multiplicity:1.17
0.100	0.100	0.100	0.700
0.100	0.100	0.100	0.700
0.100	0.100	0.100	0.700
0.100	0.100	0.100	0.700
0.100	0.100	0.100	0.700
0.100	0.100	0.100	0.700
0.100	0.100	0.100	0.700
0.100	0.100	0.100	0.700
