>VAATGACTCA	1-VAATGACTCA	8.369182	-59.443352	0	T:44.0(22.92%),B:1434.1(2.89%),P:1e-25	Tpos:98.2,Tstd:45.9,Bpos:100.8,Bstd:68.2,StrandBias:-0.4,Multiplicity:1.02
0.262	0.287	0.345	0.107
0.525	0.202	0.179	0.094
0.506	0.202	0.291	0.001
0.001	0.001	0.001	0.997
0.001	0.001	0.997	0.001
0.997	0.001	0.001	0.001
0.001	0.662	0.336	0.001
0.001	0.001	0.001	0.997
0.001	0.997	0.001	0.001
0.997	0.001	0.001	0.001
>CCACCTGGTG	2-CCACCTGGTG	6.491854	-31.848155	0	T:51.0(26.56%),B:3968.5(8.01%),P:1e-13	Tpos:110.8,Tstd:52.7,Bpos:102.1,Bstd:63.9,StrandBias:0.4,Multiplicity:1.18
0.068	0.804	0.017	0.111
0.007	0.954	0.029	0.010
0.788	0.072	0.026	0.114
0.042	0.768	0.098	0.092
0.110	0.783	0.044	0.063
0.142	0.106	0.042	0.710
0.094	0.013	0.757	0.136
0.052	0.171	0.731	0.046
0.054	0.074	0.053	0.819
0.044	0.039	0.893	0.024
>AAACCACAAT	3-AAACCACAAT	10.031906	-23.015766	0	T:17.0(8.85%),B:557.2(1.12%),P:1e-9	Tpos:114.6,Tstd:56.0,Bpos:100.0,Bstd:59.0,StrandBias:0.4,Multiplicity:1.00
0.871	0.001	0.127	0.001
0.997	0.001	0.001	0.001
0.997	0.001	0.001	0.001
0.001	0.913	0.085	0.001
0.001	0.997	0.001	0.001
0.913	0.001	0.001	0.085
0.001	0.936	0.062	0.001
0.849	0.060	0.001	0.090
0.736	0.185	0.001	0.078
0.128	0.093	0.001	0.778
>AGCCTCTGAA	4-AGCCTCTGAA	8.057596	-21.902401	0	T:21.0(10.94%),B:971.9(1.96%),P:1e-9	Tpos:102.8,Tstd:51.3,Bpos:102.3,Bstd:63.9,StrandBias:-0.1,Multiplicity:1.00
0.997	0.001	0.001	0.001
0.081	0.082	0.836	0.001
0.066	0.809	0.059	0.066
0.001	0.939	0.001	0.059
0.001	0.001	0.001	0.997
0.110	0.824	0.065	0.001
0.001	0.001	0.001	0.997
0.087	0.036	0.876	0.001
0.859	0.063	0.001	0.077
0.920	0.078	0.001	0.001
>AGACAGCAAT	5-AGACAGCAAT	10.175328	-21.899734	0	T:15.0(7.81%),B:441.1(0.89%),P:1e-9	Tpos:76.5,Tstd:54.0,Bpos:102.8,Bstd:63.7,StrandBias:1.3,Multiplicity:1.00
0.997	0.001	0.001	0.001
0.168	0.076	0.755	0.001
0.818	0.001	0.071	0.110
0.068	0.930	0.001	0.001
0.997	0.001	0.001	0.001
0.001	0.001	0.997	0.001
0.047	0.951	0.001	0.001
0.911	0.087	0.001	0.001
0.846	0.001	0.065	0.088
0.060	0.001	0.071	0.868
>TAGCCTCGGG	6-TAGCCTCGGG	11.529357	-20.857050	0	T:7.0(3.65%),B:46.5(0.09%),P:1e-9	Tpos:88.6,Tstd:46.3,Bpos:100.5,Bstd:73.0,StrandBias:-1.3,Multiplicity:1.00
0.001	0.187	0.001	0.811
0.997	0.001	0.001	0.001
0.001	0.001	0.997	0.001
0.001	0.997	0.001	0.001
0.001	0.997	0.001	0.001
0.001	0.001	0.001	0.997
0.001	0.997	0.001	0.001
0.293	0.001	0.705	0.001
0.001	0.001	0.751	0.247
0.001	0.001	0.997	0.001
>CMTGATGAAB	7-CMTGATGAAB	8.261011	-15.764864	0	T:27.0(14.06%),B:2203.8(4.45%),P:1e-6	Tpos:88.5,Tstd:55.2,Bpos:100.9,Bstd:65.7,StrandBias:0.0,Multiplicity:1.15
0.001	0.962	0.036	0.001
0.392	0.409	0.001	0.198
0.001	0.001	0.277	0.721
0.084	0.001	0.914	0.001
0.851	0.001	0.001	0.147
0.001	0.001	0.359	0.639
0.001	0.001	0.997	0.001
0.997	0.001	0.001	0.001
0.482	0.117	0.177	0.225
0.001	0.330	0.320	0.349
>TAGGATTCCT	8-TAGGATTCCT	8.012520	-14.912833	0	T:19.0(9.90%),B:1212.1(2.45%),P:1e-6	Tpos:78.4,Tstd:60.4,Bpos:104.1,Bstd:64.1,StrandBias:0.2,Multiplicity:1.05
0.090	0.319	0.001	0.590
0.997	0.001	0.001	0.001
0.001	0.001	0.754	0.244
0.093	0.001	0.905	0.001
0.860	0.001	0.138	0.001
0.327	0.009	0.001	0.663
0.001	0.129	0.001	0.869
0.001	0.924	0.001	0.074
0.103	0.793	0.001	0.103
0.001	0.001	0.001	0.997
>CGAAACTAGT	9-CGAAACTAGT	10.987243	-14.166300	0	T:5.0(2.60%),B:41.1(0.08%),P:1e-6	Tpos:116.2,Tstd:54.1,Bpos:111.2,Bstd:68.3,StrandBias:0.0,Multiplicity:1.00
0.001	0.740	0.146	0.113
0.001	0.001	0.876	0.122
0.997	0.001	0.001	0.001
0.784	0.001	0.001	0.214
0.997	0.001	0.001	0.001
0.187	0.811	0.001	0.001
0.001	0.001	0.001	0.997
0.997	0.001	0.001	0.001
0.001	0.001	0.997	0.001
0.001	0.001	0.001	0.997
>TTCCATGACY	10-TTCCATGACY	8.819447	-13.460575	0	T:18.0(9.38%),B:1209.9(2.44%),P:1e-5	Tpos:95.5,Tstd:45.9,Bpos:102.4,Bstd:64.8,StrandBias:-0.3,Multiplicity:1.11
0.198	0.001	0.001	0.800
0.001	0.001	0.001	0.997
0.001	0.705	0.001	0.293
0.003	0.993	0.003	0.001
0.997	0.001	0.001	0.001
0.001	0.001	0.363	0.635
0.034	0.001	0.964	0.001
0.825	0.001	0.001	0.173
0.001	0.608	0.390	0.001
0.001	0.572	0.001	0.426
>ATTTTTTTAY	11-ATTTTTTTAY	10.255383	-9.230152	0	T:24.0(12.50%),B:2637.3(5.32%),P:1e-4	Tpos:104.0,Tstd:47.6,Bpos:99.2,Bstd:55.3,StrandBias:1.0,Multiplicity:1.00
0.815	0.001	0.001	0.183
0.001	0.001	0.001	0.997
0.001	0.001	0.001	0.997
0.001	0.001	0.001	0.997
0.001	0.001	0.001	0.997
0.001	0.001	0.001	0.997
0.001	0.001	0.001	0.997
0.001	0.001	0.001	0.997
0.460	0.078	0.295	0.167
0.010	0.513	0.001	0.476
