>AGGGCCGTCTGT	21-AGGGCCGTCTGT,BestGuess:Smad4(MAD)/ESC-SMAD4-ChIP-Seq(GSE29422)/Homer(0.676)	7.733544	-19.476347	0	T:41.0(8.28%),B:1396.6(2.90%),P:1e-8
0.757	0.018	0.156	0.069
0.112	0.071	0.752	0.065
0.087	0.036	0.741	0.136
0.089	0.075	0.765	0.071
0.118	0.810	0.036	0.036
0.202	0.461	0.054	0.284
0.055	0.171	0.641	0.133
0.054	0.054	0.129	0.763
0.018	0.788	0.087	0.107
0.064	0.018	0.071	0.847
0.001	0.053	0.892	0.054
0.107	0.072	0.036	0.785
