>CCGCAGGAATGC	11-CCGCAGGAATGC	7.124927	-26.303662	0	T:70.0(14.14%),B:2741.4(5.70%),P:1e-11
0.159	0.696	0.048	0.097
0.113	0.711	0.043	0.133
0.143	0.183	0.470	0.204
0.049	0.847	0.024	0.080
0.876	0.001	0.013	0.110
0.102	0.040	0.787	0.071
0.072	0.074	0.766	0.088
0.776	0.080	0.095	0.049
0.703	0.115	0.085	0.097
0.072	0.027	0.063	0.838
0.053	0.063	0.799	0.085
0.126	0.732	0.048	0.094
