>VTGASTCABNHY	1-RDNVTGASTCAB	7.017918	-224.068443	0	T:186.0(37.58%),B:2783.9(5.79%),P:1e-97
0.386	0.290	0.254	0.070
0.022	0.001	0.001	0.976
0.001	0.046	0.883	0.070
0.885	0.046	0.023	0.046
0.139	0.346	0.384	0.131
0.069	0.046	0.023	0.862
0.254	0.722	0.023	0.001
0.930	0.068	0.001	0.001
0.046	0.340	0.244	0.370
0.191	0.324	0.208	0.278
0.346	0.255	0.151	0.248
0.162	0.399	0.162	0.277
