>AGCAGCAGCAGC	23-AGCAGCAGCAGC	9.443910	-18.725810	0	T:19.0(3.84%),B:348.7(0.72%),P:1e-8
0.595	0.180	0.201	0.024
0.047	0.056	0.789	0.108
0.250	0.647	0.019	0.084
0.646	0.133	0.141	0.080
0.038	0.106	0.787	0.069
0.035	0.936	0.028	0.001
0.804	0.074	0.029	0.093
0.247	0.018	0.537	0.198
0.048	0.634	0.317	0.001
0.460	0.057	0.194	0.289
0.224	0.157	0.546	0.073
0.368	0.530	0.074	0.028
