>RDNVTGASTCAB	1-RDNVTGASTCAB,BestGuess:Fra1(bZIP)/BT549-Fra1-ChIP-Seq(GSE46166)/Homer(0.979)	7.017918	-224.068443	0	T:186.0(37.58%),B:2783.9(5.79%),P:1e-97
0.277	0.162	0.399	0.162
0.248	0.151	0.255	0.346
0.278	0.208	0.324	0.191
0.370	0.244	0.340	0.046
0.001	0.001	0.068	0.930
0.001	0.023	0.722	0.254
0.862	0.023	0.046	0.069
0.131	0.384	0.346	0.139
0.046	0.023	0.046	0.885
0.070	0.883	0.046	0.001
0.976	0.001	0.001	0.022
0.070	0.254	0.290	0.386
