>ACAGACGGCCCT	21-AGGGCCGTCTGT	7.733544	-19.476347	0	T:41.0(8.28%),B:1396.6(2.90%),P:1e-8
0.785	0.036	0.072	0.107
0.054	0.892	0.053	0.001
0.847	0.071	0.018	0.064
0.107	0.087	0.788	0.018
0.763	0.129	0.054	0.054
0.133	0.641	0.171	0.055
0.284	0.054	0.461	0.202
0.036	0.036	0.810	0.118
0.071	0.765	0.075	0.089
0.136	0.741	0.036	0.087
0.065	0.752	0.071	0.112
0.069	0.156	0.018	0.757
