>HTGACTGAGTCA	2-HTGACTGAGTCA	8.057163	-44.741289	0	T:37.0(19.27%),B:1402.1(2.83%),P:1e-19
0.344	0.343	0.111	0.202
0.271	0.001	0.001	0.727
0.202	0.139	0.524	0.135
0.662	0.204	0.067	0.067
0.272	0.474	0.253	0.001
0.001	0.066	0.001	0.932
0.001	0.318	0.680	0.001
0.932	0.066	0.001	0.001
0.001	0.316	0.477	0.206
0.003	0.135	0.067	0.795
0.067	0.683	0.183	0.067
0.795	0.135	0.001	0.069
