>CTTATGAGTCAG	10-CTTATGAGTCAG	10.362449	-17.412918	0	T:6.0(3.12%),B:44.9(0.09%),P:1e-7
0.088	0.720	0.110	0.082
0.158	0.057	0.028	0.757
0.041	0.159	0.129	0.671
0.689	0.185	0.108	0.018
0.044	0.048	0.085	0.823
0.053	0.077	0.707	0.163
0.762	0.074	0.085	0.079
0.094	0.114	0.583	0.209
0.070	0.074	0.072	0.784
0.025	0.895	0.023	0.057
0.915	0.001	0.028	0.056
0.076	0.057	0.699	0.168
