>TGAGTCAT	1-TGAGTCAT	7.092209	-3481.085146	0	T:2882.0(37.17%),B:2324.2(5.59%),P:1e-1511	Tpos:101.7,Tstd:44.2,Bpos:101.5,Bstd:66.8,StrandBias:0.0,Multiplicity:1.14
0.001	0.002	0.001	0.996
0.001	0.001	0.954	0.044
0.984	0.002	0.001	0.013
0.058	0.236	0.639	0.067
0.001	0.001	0.001	0.997
0.020	0.978	0.001	0.001
0.997	0.001	0.001	0.001
0.024	0.182	0.109	0.685
>RTGAKTMA	2-RTGAKTMA	5.705228	-2983.920120	0	T:3445.0(44.43%),B:4273.9(10.28%),P:1e-1295	Tpos:102.0,Tstd:50.7,Bpos:99.5,Bstd:62.3,StrandBias:0.1,Multiplicity:1.10
0.432	0.001	0.566	0.001
0.001	0.051	0.001	0.947
0.001	0.001	0.997	0.001
0.997	0.001	0.001	0.001
0.225	0.055	0.434	0.286
0.001	0.001	0.001	0.997
0.436	0.562	0.001	0.001
0.997	0.001	0.001	0.001
>TKASTMAB	3-TKASTMAB	4.583850	-1765.231136	0	T:4120.0(53.14%),B:9210.4(22.15%),P:1e-766	Tpos:99.8,Tstd:53.4,Bpos:100.4,Bstd:63.8,StrandBias:0.1,Multiplicity:1.13
0.001	0.300	0.217	0.482
0.150	0.163	0.402	0.285
0.449	0.171	0.149	0.231
0.094	0.326	0.441	0.139
0.001	0.001	0.082	0.916
0.464	0.534	0.001	0.001
0.701	0.027	0.271	0.001
0.114	0.284	0.278	0.325
>TGAGTMAT	4-TGAGTMAT	7.972078	-1130.730190	0	T:1241.0(16.01%),B:1264.9(3.04%),P:1e-491	Tpos:100.2,Tstd:50.9,Bpos:101.8,Bstd:65.1,StrandBias:-0.1,Multiplicity:1.04
0.001	0.015	0.227	0.757
0.053	0.001	0.945	0.001
0.606	0.198	0.001	0.195
0.001	0.001	0.997	0.001
0.052	0.001	0.209	0.738
0.419	0.550	0.001	0.030
0.909	0.001	0.089	0.001
0.073	0.001	0.001	0.925
>GATGACTA	5-GATGACTA	5.200393	-362.762560	0	T:2589.0(33.39%),B:8460.2(20.35%),P:1e-157	Tpos:99.6,Tstd:54.6,Bpos:99.8,Bstd:64.4,StrandBias:-0.0,Multiplicity:1.11
0.113	0.180	0.527	0.180
0.653	0.168	0.109	0.070
0.035	0.080	0.065	0.820
0.040	0.022	0.823	0.115
0.850	0.041	0.063	0.046
0.112	0.703	0.139	0.046
0.068	0.075	0.060	0.797
0.835	0.059	0.056	0.050
>TGTGGTTW	6-TGTGGTTW	6.252993	-340.568163	0	T:1827.0(23.57%),B:5309.0(12.77%),P:1e-147	Tpos:99.4,Tstd:50.3,Bpos:98.8,Bstd:61.0,StrandBias:0.0,Multiplicity:1.15
0.170	0.093	0.110	0.627
0.031	0.029	0.875	0.065
0.040	0.109	0.014	0.837
0.007	0.011	0.971	0.011
0.088	0.006	0.878	0.028
0.001	0.183	0.089	0.727
0.173	0.202	0.050	0.575
0.514	0.033	0.081	0.372
>CCACTAGG	7-CCACTAGG	6.499110	-303.636870	0	T:1295.0(16.70%),B:3380.1(8.13%),P:1e-131	Tpos:102.4,Tstd:47.1,Bpos:99.2,Bstd:61.4,StrandBias:-0.0,Multiplicity:1.08
0.051	0.845	0.078	0.026
0.023	0.953	0.013	0.011
0.588	0.129	0.078	0.205
0.057	0.722	0.192	0.029
0.151	0.165	0.036	0.648
0.838	0.024	0.105	0.033
0.034	0.016	0.949	0.001
0.247	0.079	0.458	0.216
>GCCCTCTG	8-GCCCTCTG	6.365455	-207.883295	0	T:1548.0(19.97%),B:4955.5(11.92%),P:1e-90	Tpos:99.4,Tstd:52.3,Bpos:100.7,Bstd:60.3,StrandBias:0.0,Multiplicity:1.12
0.018	0.001	0.861	0.120
0.017	0.955	0.027	0.001
0.001	0.981	0.017	0.001
0.106	0.892	0.001	0.001
0.001	0.184	0.013	0.802
0.001	0.893	0.041	0.065
0.019	0.028	0.015	0.938
0.080	0.036	0.857	0.027
>CCRGMDGR	9-CCRGMDGR	5.103270	-201.426620	0	T:2585.0(33.34%),B:9720.7(23.38%),P:1e-87	Tpos:100.6,Tstd:55.8,Bpos:100.8,Bstd:61.3,StrandBias:0.1,Multiplicity:1.15
0.065	0.827	0.001	0.107
0.132	0.614	0.011	0.243
0.485	0.001	0.513	0.001
0.026	0.367	0.572	0.035
0.524	0.425	0.027	0.024
0.253	0.149	0.373	0.225
0.317	0.024	0.658	0.001
0.401	0.129	0.275	0.195
>GGCARTRC	10-GGCARTRC	5.305696	-167.430014	0	T:2878.0(37.12%),B:11495.5(27.65%),P:1e-72	Tpos:99.8,Tstd:55.2,Bpos:98.8,Bstd:62.3,StrandBias:0.1,Multiplicity:1.23
0.058	0.058	0.819	0.065
0.081	0.056	0.782	0.081
0.398	0.562	0.039	0.001
0.846	0.015	0.061	0.078
0.412	0.064	0.422	0.101
0.071	0.029	0.109	0.791
0.328	0.183	0.468	0.021
0.177	0.469	0.117	0.238
>ACATTCCT	11-ACATTCCT	5.739624	-162.446968	0	T:1068.0(13.78%),B:3247.7(7.81%),P:1e-70	Tpos:99.5,Tstd:53.3,Bpos:101.3,Bstd:62.3,StrandBias:0.0,Multiplicity:1.08
0.808	0.001	0.190	0.001
0.130	0.868	0.001	0.001
0.997	0.001	0.001	0.001
0.001	0.001	0.001	0.997
0.001	0.001	0.001	0.997
0.001	0.997	0.001	0.001
0.001	0.997	0.001	0.001
0.195	0.001	0.001	0.803
>ACCACARA	12-ACCACARA	7.972696	-141.230013	0	T:558.0(7.20%),B:1378.9(3.32%),P:1e-61	Tpos:96.5,Tstd:55.9,Bpos:102.6,Bstd:63.7,StrandBias:-0.0,Multiplicity:1.02
0.924	0.001	0.004	0.071
0.001	0.758	0.240	0.001
0.001	0.956	0.042	0.001
0.923	0.001	0.075	0.001
0.001	0.997	0.001	0.001
0.659	0.339	0.001	0.001
0.341	0.180	0.436	0.043
0.486	0.271	0.003	0.241
>CATTGTTT	13-CATTGTTT	6.023811	-140.270169	0	T:1701.0(21.94%),B:6185.0(14.88%),P:1e-60	Tpos:100.2,Tstd:55.1,Bpos:100.5,Bstd:62.1,StrandBias:0.2,Multiplicity:1.13
0.018	0.864	0.071	0.047
0.871	0.001	0.001	0.127
0.001	0.018	0.001	0.980
0.001	0.010	0.030	0.959
0.001	0.049	0.949	0.001
0.001	0.052	0.001	0.946
0.013	0.066	0.048	0.873
0.053	0.078	0.029	0.840
>ACAAAGGV	14-ACAAAGGV	3.203394	-137.812413	0	T:1917.0(24.73%),B:7206.0(17.33%),P:1e-59	Tpos:99.9,Tstd:55.2,Bpos:98.1,Bstd:59.9,StrandBias:-0.1,Multiplicity:1.11
0.997	0.001	0.001	0.001
0.001	0.997	0.001	0.001
0.997	0.001	0.001	0.001
0.997	0.001	0.001	0.001
0.671	0.001	0.001	0.327
0.406	0.001	0.592	0.001
0.001	0.041	0.957	0.001
0.384	0.333	0.282	0.001
>TGTGGGCA	15-TGTGGGCA	5.982919	-116.745290	0	T:1711.0(22.07%),B:6469.8(15.56%),P:1e-50	Tpos:100.3,Tstd:56.2,Bpos:100.3,Bstd:62.8,StrandBias:0.0,Multiplicity:1.06
0.132	0.050	0.001	0.817
0.028	0.286	0.685	0.001
0.118	0.106	0.054	0.722
0.249	0.008	0.706	0.037
0.179	0.068	0.654	0.099
0.012	0.203	0.587	0.198
0.248	0.475	0.012	0.266
0.759	0.038	0.126	0.077
>AGGAAGCT	16-AGGAAGCT	7.253393	-110.422058	0	T:1523.0(19.64%),B:5667.4(13.63%),P:1e-47	Tpos:98.0,Tstd:54.6,Bpos:98.2,Bstd:63.8,StrandBias:0.2,Multiplicity:1.05
0.997	0.001	0.001	0.001
0.001	0.001	0.997	0.001
0.001	0.001	0.997	0.001
0.773	0.225	0.001	0.001
0.771	0.001	0.001	0.227
0.001	0.001	0.997	0.001
0.001	0.618	0.001	0.380
0.150	0.001	0.331	0.518
>AGGTGGCG	17-AGGTGGCG	7.796448	-108.903390	0	T:365.0(4.71%),B:831.5(2.00%),P:1e-47	Tpos:103.3,Tstd:52.1,Bpos:98.5,Bstd:53.2,StrandBias:0.3,Multiplicity:1.06
0.997	0.001	0.001	0.001
0.001	0.001	0.997	0.001
0.141	0.001	0.857	0.001
0.001	0.001	0.333	0.665
0.001	0.132	0.866	0.001
0.001	0.001	0.997	0.001
0.001	0.997	0.001	0.001
0.001	0.001	0.997	0.001
>TTTCCTGT	18-TTTCCTGT	6.771363	-102.910031	0	T:1093.0(14.10%),B:3804.2(9.15%),P:1e-44	Tpos:97.7,Tstd:55.3,Bpos:100.5,Bstd:60.6,StrandBias:-0.1,Multiplicity:1.05
0.066	0.153	0.001	0.780
0.001	0.001	0.001	0.997
0.001	0.001	0.001	0.997
0.089	0.909	0.001	0.001
0.001	0.997	0.001	0.001
0.001	0.001	0.091	0.907
0.001	0.001	0.997	0.001
0.001	0.001	0.214	0.784
>CCCGCGGG	19-CCCGCGGG	5.487780	-78.866857	0	T:1389.0(17.92%),B:5402.6(12.99%),P:1e-34	Tpos:99.6,Tstd:55.6,Bpos:99.8,Bstd:59.2,StrandBias:0.0,Multiplicity:1.74
0.052	0.807	0.140	0.001
0.001	0.695	0.249	0.055
0.111	0.522	0.191	0.176
0.001	0.001	0.887	0.111
0.001	0.997	0.001	0.001
0.001	0.068	0.610	0.321
0.001	0.195	0.803	0.001
0.065	0.259	0.675	0.001
>TGGTTGGC	20-TGGTTGGC	7.685264	-56.981116	0	T:459.0(5.92%),B:1471.3(3.54%),P:1e-24	Tpos:100.2,Tstd:56.5,Bpos:100.6,Bstd:62.3,StrandBias:-0.1,Multiplicity:1.04
0.001	0.001	0.076	0.922
0.029	0.013	0.849	0.109
0.078	0.037	0.763	0.122
0.028	0.166	0.001	0.805
0.017	0.029	0.001	0.953
0.029	0.001	0.969	0.001
0.001	0.001	0.952	0.046
0.028	0.953	0.018	0.001
>GCCGCGAG	21-GCCGCGAG	6.606084	-37.598550	0	T:344.0(4.44%),B:1145.7(2.76%),P:1e-16	Tpos:106.9,Tstd:55.1,Bpos:102.2,Bstd:58.1,StrandBias:-0.0,Multiplicity:1.11
0.001	0.001	0.997	0.001
0.018	0.944	0.028	0.010
0.001	0.825	0.048	0.126
0.119	0.087	0.793	0.001
0.001	0.897	0.101	0.001
0.001	0.141	0.831	0.027
0.924	0.001	0.001	0.074
0.069	0.075	0.819	0.037
>GTGACGTC	22-GTGACGTC	4.161665	-33.900381	0	T:855.0(11.03%),B:3507.2(8.44%),P:1e-14	Tpos:98.9,Tstd:54.6,Bpos:100.3,Bstd:64.2,StrandBias:0.2,Multiplicity:1.08
0.261	0.269	0.429	0.041
0.147	0.217	0.154	0.482
0.122	0.161	0.529	0.188
0.504	0.230	0.165	0.101
0.127	0.604	0.059	0.210
0.156	0.153	0.542	0.149
0.135	0.129	0.228	0.508
0.199	0.533	0.185	0.083
>CCAGTCAT	23-CCAGTCAT	9.085588	-31.361287	0	T:259.0(3.34%),B:840.8(2.02%),P:1e-13	Tpos:97.0,Tstd:53.6,Bpos:97.3,Bstd:65.9,StrandBias:-0.2,Multiplicity:1.02
0.001	0.997	0.001	0.001
0.001	0.997	0.001	0.001
0.997	0.001	0.001	0.001
0.171	0.001	0.827	0.001
0.001	0.001	0.001	0.997
0.001	0.997	0.001	0.001
0.997	0.001	0.001	0.001
0.001	0.001	0.196	0.802
>RATTGCYC	24-RATTGCYC	5.450541	-26.882570	0	T:413.0(5.33%),B:1555.0(3.74%),P:1e-11	Tpos:101.6,Tstd:57.4,Bpos:100.1,Bstd:59.6,StrandBias:0.2,Multiplicity:1.05
0.405	0.064	0.279	0.252
0.625	0.087	0.061	0.227
0.220	0.092	0.001	0.687
0.238	0.156	0.184	0.422
0.084	0.290	0.503	0.123
0.001	0.790	0.208	0.001
0.180	0.415	0.135	0.270
0.001	0.677	0.309	0.013
>GGCGGGGC	25-GGCGGGGC	7.836606	-18.797787	0	T:393.0(5.07%),B:1570.0(3.78%),P:1e-8	Tpos:102.9,Tstd:59.6,Bpos:96.0,Bstd:55.4,StrandBias:-0.1,Multiplicity:1.27
0.001	0.001	0.920	0.078
0.001	0.001	0.997	0.001
0.001	0.997	0.001	0.001
0.001	0.001	0.997	0.001
0.117	0.062	0.636	0.185
0.001	0.001	0.997	0.001
0.089	0.001	0.909	0.001
0.131	0.867	0.001	0.001
