>NATGASTCAT	1-NATGASTCAT	6.670293	-4007.661048	0	T:3074.0(39.65%),B:2263.3(5.44%),P:1e-1740	Tpos:101.6,Tstd:44.0,Bpos:101.5,Bstd:65.8,StrandBias:-0.0,Multiplicity:1.15
0.246	0.173	0.306	0.275
0.447	0.195	0.294	0.064
0.018	0.038	0.019	0.925
0.022	0.026	0.821	0.131
0.920	0.033	0.018	0.029
0.089	0.411	0.418	0.082
0.031	0.027	0.027	0.915
0.103	0.862	0.017	0.018
0.922	0.022	0.030	0.026
0.057	0.287	0.189	0.467
>NNRTGACTMA	2-NNRTGACTMA	5.717833	-2216.329220	0	T:4201.0(54.19%),B:8303.0(19.97%),P:1e-962	Tpos:100.5,Tstd:52.8,Bpos:100.5,Bstd:63.7,StrandBias:-0.0,Multiplicity:1.16
0.189	0.280	0.303	0.228
0.202	0.182	0.328	0.288
0.412	0.226	0.265	0.096
0.001	0.001	0.001	0.997
0.001	0.001	0.816	0.182
0.997	0.001	0.001	0.001
0.152	0.489	0.257	0.103
0.126	0.087	0.001	0.786
0.369	0.485	0.092	0.054
0.547	0.122	0.181	0.150
>CACTAGGGGG	3-CACTAGGGGG	7.558889	-885.758766	0	T:1059.0(13.66%),B:1169.0(2.81%),P:1e-384	Tpos:102.0,Tstd:46.1,Bpos:98.2,Bstd:60.6,StrandBias:0.2,Multiplicity:1.03
0.021	0.955	0.004	0.020
0.583	0.090	0.132	0.195
0.187	0.576	0.169	0.068
0.157	0.248	0.047	0.548
0.821	0.001	0.160	0.018
0.021	0.009	0.966	0.004
0.344	0.003	0.579	0.074
0.028	0.048	0.689	0.235
0.044	0.043	0.904	0.009
0.022	0.047	0.804	0.127
>CCACTAGGTG	4-CCACTAGGTG	8.311429	-734.495282	0	T:821.0(10.59%),B:834.5(2.01%),P:1e-318	Tpos:103.3,Tstd:40.9,Bpos:100.9,Bstd:62.3,StrandBias:0.0,Multiplicity:1.02
0.052	0.946	0.001	0.001
0.001	0.997	0.001	0.001
0.891	0.047	0.061	0.001
0.001	0.796	0.161	0.042
0.210	0.284	0.001	0.505
0.928	0.001	0.001	0.070
0.001	0.001	0.997	0.001
0.338	0.001	0.660	0.001
0.064	0.001	0.324	0.611
0.001	0.001	0.997	0.001
>WAACCACAAR	5-WAACCACAAR	7.244858	-428.672071	0	T:1246.0(16.07%),B:2704.5(6.51%),P:1e-186	Tpos:99.9,Tstd:49.6,Bpos:99.1,Bstd:60.5,StrandBias:-0.1,Multiplicity:1.10
0.482	0.042	0.042	0.433
0.596	0.056	0.220	0.128
0.731	0.042	0.213	0.014
0.013	0.975	0.001	0.011
0.016	0.956	0.008	0.020
0.921	0.022	0.023	0.034
0.003	0.948	0.041	0.008
0.770	0.062	0.067	0.101
0.457	0.063	0.292	0.187
0.355	0.090	0.454	0.101
>CACTAGAGGG	6-CACTAGAGGG	9.338277	-315.627390	0	T:112.0(1.44%),B:14.8(0.04%),P:1e-137	Tpos:95.8,Tstd:42.7,Bpos:126.2,Bstd:39.8,StrandBias:1.1,Multiplicity:1.00
0.001	0.997	0.001	0.001
0.997	0.001	0.001	0.001
0.001	0.997	0.001	0.001
0.001	0.001	0.001	0.997
0.997	0.001	0.001	0.001
0.001	0.001	0.997	0.001
0.984	0.014	0.001	0.001
0.001	0.001	0.793	0.205
0.001	0.001	0.997	0.001
0.001	0.001	0.997	0.001
>YCACTTCCTG	7-YCACTTCCTG	7.323926	-232.164003	0	T:1311.0(16.91%),B:3813.1(9.17%),P:1e-100	Tpos:99.8,Tstd:52.6,Bpos:99.2,Bstd:61.1,StrandBias:-0.1,Multiplicity:1.09
0.172	0.376	0.178	0.274
0.246	0.499	0.001	0.254
0.732	0.089	0.178	0.001
0.001	0.582	0.001	0.416
0.295	0.001	0.001	0.703
0.001	0.014	0.112	0.873
0.001	0.997	0.001	0.001
0.001	0.997	0.001	0.001
0.033	0.103	0.284	0.580
0.001	0.199	0.643	0.157
>RWTSCWTTGT	8-RWTSCWTTGT	6.649760	-217.020265	0	T:1797.0(23.18%),B:5969.3(14.36%),P:1e-94	Tpos:98.7,Tstd:53.6,Bpos:100.2,Bstd:61.0,StrandBias:-0.0,Multiplicity:1.14
0.396	0.155	0.359	0.090
0.387	0.193	0.153	0.268
0.149	0.155	0.271	0.425
0.001	0.463	0.389	0.147
0.001	0.721	0.021	0.257
0.469	0.144	0.001	0.386
0.001	0.112	0.001	0.886
0.001	0.001	0.001	0.997
0.001	0.132	0.866	0.001
0.001	0.046	0.001	0.952
>ATGACTAAGG	9-ATGACTAAGG	6.782866	-175.653528	0	T:954.0(12.30%),B:2708.4(6.51%),P:1e-76	Tpos:101.3,Tstd:55.4,Bpos:95.9,Bstd:62.3,StrandBias:0.1,Multiplicity:1.05
0.773	0.005	0.079	0.143
0.037	0.001	0.165	0.797
0.033	0.087	0.866	0.014
0.633	0.204	0.066	0.097
0.093	0.841	0.057	0.009
0.293	0.031	0.115	0.561
0.865	0.024	0.061	0.050
0.652	0.033	0.232	0.083
0.004	0.011	0.826	0.159
0.074	0.025	0.725	0.176
>AGGAATTTSA	10-AGGAATTTSA	6.265496	-171.340301	0	T:1004.0(12.95%),B:2932.2(7.05%),P:1e-74	Tpos:100.1,Tstd:53.6,Bpos:100.5,Bstd:61.7,StrandBias:-0.0,Multiplicity:1.08
0.663	0.051	0.001	0.285
0.001	0.001	0.997	0.001
0.001	0.001	0.997	0.001
0.997	0.001	0.001	0.001
0.997	0.001	0.001	0.001
0.001	0.001	0.001	0.997
0.001	0.001	0.249	0.749
0.001	0.177	0.001	0.821
0.137	0.354	0.404	0.105
0.501	0.191	0.170	0.138
>CGCCMGCKGG	11-CGCCMGCKGG	5.278405	-112.869226	0	T:1790.0(23.09%),B:6881.5(16.55%),P:1e-49	Tpos:101.9,Tstd:55.0,Bpos:100.3,Bstd:60.4,StrandBias:0.0,Multiplicity:1.50
0.263	0.432	0.183	0.122
0.036	0.143	0.773	0.048
0.018	0.817	0.094	0.071
0.069	0.660	0.186	0.085
0.363	0.326	0.186	0.126
0.001	0.029	0.947	0.023
0.275	0.688	0.018	0.019
0.116	0.118	0.412	0.353
0.100	0.194	0.704	0.002
0.199	0.258	0.483	0.059
>CASTAACCAC	12-CASTAACCAC	6.567248	-109.369760	0	T:239.0(3.08%),B:424.1(1.02%),P:1e-47	Tpos:109.1,Tstd:55.4,Bpos:96.0,Bstd:62.4,StrandBias:-0.0,Multiplicity:1.02
0.237	0.445	0.174	0.144
0.450	0.147	0.214	0.189
0.118	0.359	0.333	0.190
0.214	0.223	0.136	0.427
0.721	0.067	0.090	0.122
0.639	0.130	0.195	0.036
0.077	0.555	0.140	0.228
0.043	0.733	0.083	0.141
0.713	0.060	0.076	0.151
0.157	0.653	0.094	0.096
>AAAGAATGCC	13-AAAGAATGCC	6.766173	-107.766953	0	T:1129.0(14.56%),B:3919.7(9.43%),P:1e-46	Tpos:101.3,Tstd:57.7,Bpos:100.5,Bstd:60.9,StrandBias:0.0,Multiplicity:1.05
0.789	0.100	0.069	0.042
0.807	0.063	0.086	0.044
0.834	0.056	0.049	0.061
0.086	0.111	0.759	0.044
0.858	0.042	0.063	0.037
0.741	0.125	0.079	0.055
0.048	0.027	0.066	0.859
0.051	0.070	0.792	0.087
0.070	0.778	0.079	0.073
0.097	0.783	0.051	0.069
>CTGCCCGGAG	14-CTGCCCGGAG	4.875074	-73.723521	0	T:1846.0(23.81%),B:7652.8(18.41%),P:1e-32	Tpos:101.9,Tstd:53.8,Bpos:100.6,Bstd:59.6,StrandBias:-0.0,Multiplicity:1.16
0.098	0.686	0.104	0.112
0.109	0.094	0.100	0.697
0.101	0.100	0.707	0.092
0.103	0.690	0.114	0.093
0.096	0.739	0.074	0.091
0.112	0.685	0.098	0.105
0.124	0.095	0.675	0.106
0.083	0.087	0.736	0.094
0.693	0.103	0.112	0.092
0.126	0.090	0.693	0.091
>SAAACCGHAA	15-SAAACCGHAA	6.522886	-72.173042	0	T:391.0(5.04%),B:1098.2(2.64%),P:1e-31	Tpos:97.5,Tstd:56.1,Bpos:99.3,Bstd:57.5,StrandBias:-0.0,Multiplicity:1.03
0.108	0.355	0.379	0.157
0.548	0.147	0.013	0.292
0.896	0.027	0.076	0.001
0.626	0.192	0.084	0.098
0.182	0.800	0.001	0.017
0.019	0.572	0.408	0.001
0.106	0.057	0.683	0.154
0.304	0.380	0.068	0.249
0.656	0.029	0.001	0.314
0.632	0.020	0.304	0.044
>AGGGCTGTTT	16-AGGGCTGTTT	6.865424	-71.434966	0	T:832.0(10.73%),B:2947.1(7.09%),P:1e-31	Tpos:99.7,Tstd:54.5,Bpos:101.4,Bstd:60.2,StrandBias:0.0,Multiplicity:1.05
0.803	0.048	0.070	0.079
0.089	0.058	0.810	0.043
0.125	0.040	0.759	0.076
0.056	0.037	0.821	0.086
0.060	0.854	0.052	0.034
0.088	0.094	0.077	0.741
0.077	0.088	0.774	0.061
0.037	0.048	0.063	0.852
0.060	0.047	0.118	0.775
0.064	0.053	0.070	0.813
>RATGAYRTCA	17-RATGAYRTCA	6.655687	-66.574331	0	T:299.0(3.86%),B:780.7(1.88%),P:1e-28	Tpos:98.9,Tstd:50.8,Bpos:101.5,Bstd:64.2,StrandBias:-0.0,Multiplicity:1.01
0.290	0.156	0.415	0.139
0.483	0.202	0.282	0.033
0.024	0.044	0.040	0.892
0.206	0.023	0.578	0.193
0.658	0.032	0.025	0.285
0.161	0.392	0.196	0.252
0.297	0.197	0.350	0.157
0.050	0.176	0.184	0.590
0.305	0.643	0.030	0.022
0.702	0.029	0.035	0.234
>CTTTTCCCAG	18-CTTTTCCCAG	8.360420	-44.185397	0	T:203.0(2.62%),B:537.2(1.29%),P:1e-19	Tpos:102.6,Tstd:57.5,Bpos:97.9,Bstd:60.0,StrandBias:0.0,Multiplicity:1.02
0.184	0.557	0.030	0.229
0.246	0.039	0.008	0.707
0.012	0.164	0.199	0.625
0.203	0.001	0.048	0.748
0.037	0.191	0.196	0.576
0.110	0.658	0.151	0.081
0.119	0.709	0.063	0.109
0.004	0.871	0.077	0.048
0.666	0.081	0.048	0.205
0.149	0.222	0.619	0.010
>GTTATCAGAT	19-GTTATCAGAT	11.407180	-34.060420	0	T:30.0(0.39%),B:24.3(0.06%),P:1e-14	Tpos:116.8,Tstd:52.3,Bpos:81.9,Bstd:58.7,StrandBias:0.6,Multiplicity:1.00
0.001	0.001	0.997	0.001
0.001	0.105	0.001	0.893
0.001	0.001	0.001	0.997
0.837	0.001	0.161	0.001
0.001	0.001	0.001	0.997
0.001	0.997	0.001	0.001
0.997	0.001	0.001	0.001
0.001	0.001	0.997	0.001
0.997	0.001	0.001	0.001
0.001	0.001	0.001	0.997
>CCCCGCCCAC	20-CCCCGCCCAC	9.256987	-31.341641	0	T:243.0(3.13%),B:774.4(1.86%),P:1e-13	Tpos:101.0,Tstd:56.8,Bpos:98.4,Bstd:55.0,StrandBias:-0.2,Multiplicity:1.10
0.001	0.748	0.103	0.148
0.001	0.950	0.001	0.048
0.044	0.954	0.001	0.001
0.028	0.942	0.001	0.029
0.072	0.001	0.864	0.063
0.001	0.997	0.001	0.001
0.001	0.997	0.001	0.001
0.001	0.949	0.001	0.049
0.696	0.141	0.030	0.133
0.001	0.928	0.070	0.001
>GCATGACKGA	21-GCATGACKGA	9.296240	-29.549938	0	T:82.0(1.06%),B:173.7(0.42%),P:1e-12	Tpos:101.7,Tstd:47.9,Bpos:99.2,Bstd:68.9,StrandBias:0.3,Multiplicity:1.00
0.213	0.001	0.785	0.001
0.001	0.997	0.001	0.001
0.643	0.001	0.355	0.001
0.001	0.023	0.109	0.867
0.001	0.001	0.997	0.001
0.780	0.001	0.218	0.001
0.001	0.997	0.001	0.001
0.187	0.001	0.400	0.411
0.001	0.001	0.776	0.222
0.740	0.001	0.187	0.072
>GATGAAATCG	22-GATGAAATCG	10.679645	-28.206573	0	T:34.0(0.44%),B:39.1(0.09%),P:1e-12	Tpos:97.2,Tstd:51.9,Bpos:98.4,Bstd:60.4,StrandBias:0.2,Multiplicity:1.00
0.001	0.001	0.997	0.001
0.513	0.157	0.329	0.001
0.001	0.001	0.001	0.997
0.001	0.001	0.997	0.001
0.670	0.328	0.001	0.001
0.997	0.001	0.001	0.001
0.997	0.001	0.001	0.001
0.001	0.001	0.001	0.997
0.001	0.997	0.001	0.001
0.001	0.001	0.822	0.176
>GCGCCGCGCG	23-GCGCCGCGCG	8.115524	-23.063484	0	T:209.0(2.70%),B:699.5(1.68%),P:1e-10	Tpos:91.3,Tstd:56.7,Bpos:97.4,Bstd:60.4,StrandBias:-0.1,Multiplicity:1.26
0.010	0.246	0.699	0.045
0.003	0.848	0.148	0.001
0.001	0.093	0.833	0.073
0.014	0.870	0.115	0.001
0.111	0.613	0.181	0.095
0.001	0.153	0.845	0.001
0.043	0.815	0.141	0.001
0.001	0.081	0.852	0.066
0.025	0.897	0.074	0.004
0.004	0.241	0.735	0.020
>GAGTGCCAGC	24-GAGTGCCAGC	11.162253	-15.079929	0	T:21.0(0.27%),B:29.4(0.07%),P:1e-6	Tpos:116.5,Tstd:50.5,Bpos:80.9,Bstd:52.4,StrandBias:-1.0,Multiplicity:1.00
0.001	0.001	0.997	0.001
0.997	0.001	0.001	0.001
0.001	0.001	0.997	0.001
0.001	0.001	0.001	0.997
0.001	0.001	0.997	0.001
0.001	0.997	0.001	0.001
0.001	0.997	0.001	0.001
0.861	0.069	0.069	0.001
0.001	0.001	0.997	0.001
0.001	0.997	0.001	0.001
>TACACCCTGT	25-TACACCCTGT	13.751433	-6.869890	0	T:5.0(0.06%),B:4.4(0.01%),P:1e-2	Tpos:130.0,Tstd:53.4,Bpos:142.2,Bstd:19.4,StrandBias:-0.7,Multiplicity:1.60
0.001	0.001	0.001	0.997
0.997	0.001	0.001	0.001
0.001	0.997	0.001	0.001
0.997	0.001	0.001	0.001
0.001	0.997	0.001	0.001
0.001	0.919	0.079	0.001
0.001	0.997	0.001	0.001
0.001	0.001	0.001	0.997
0.001	0.001	0.997	0.001
0.001	0.001	0.001	0.997
