>NATGASTCAT	1-NATGASTCAT	6.670293	-4007.661048	0	T:3074.0(39.65%),B:2263.3(5.44%),P:1e-1740	Tpos:101.6,Tstd:44.0,Bpos:101.5,Bstd:65.8,StrandBias:-0.0,Multiplicity:1.15
0.246	0.173	0.306	0.275
0.447	0.195	0.294	0.064
0.018	0.038	0.019	0.925
0.022	0.026	0.821	0.131
0.920	0.033	0.018	0.029
0.089	0.411	0.418	0.082
0.031	0.027	0.027	0.915
0.103	0.862	0.017	0.018
0.922	0.022	0.030	0.026
0.057	0.287	0.189	0.467
>NNRTGACTMA	2-NNRTGACTMA	5.717833	-2216.329220	0	T:4201.0(54.19%),B:8303.0(19.97%),P:1e-962	Tpos:100.5,Tstd:52.8,Bpos:100.5,Bstd:63.7,StrandBias:-0.0,Multiplicity:1.16
0.189	0.280	0.303	0.228
0.202	0.182	0.328	0.288
0.412	0.226	0.265	0.096
0.001	0.001	0.001	0.997
0.001	0.001	0.816	0.182
0.997	0.001	0.001	0.001
0.152	0.489	0.257	0.103
0.126	0.087	0.001	0.786
0.369	0.485	0.092	0.054
0.547	0.122	0.181	0.150
>CACTAGGGGG	3-CACTAGGGGG	7.558889	-885.758766	0	T:1059.0(13.66%),B:1169.0(2.81%),P:1e-384	Tpos:102.0,Tstd:46.1,Bpos:98.2,Bstd:60.6,StrandBias:0.2,Multiplicity:1.03
0.021	0.955	0.004	0.020
0.583	0.090	0.132	0.195
0.187	0.576	0.169	0.068
0.157	0.248	0.047	0.548
0.821	0.001	0.160	0.018
0.021	0.009	0.966	0.004
0.344	0.003	0.579	0.074
0.028	0.048	0.689	0.235
0.044	0.043	0.904	0.009
0.022	0.047	0.804	0.127
>CCACTAGGTG	4-CCACTAGGTG	8.311429	-734.495282	0	T:821.0(10.59%),B:834.5(2.01%),P:1e-318	Tpos:103.3,Tstd:40.9,Bpos:100.9,Bstd:62.3,StrandBias:0.0,Multiplicity:1.02
0.052	0.946	0.001	0.001
0.001	0.997	0.001	0.001
0.891	0.047	0.061	0.001
0.001	0.796	0.161	0.042
0.210	0.284	0.001	0.505
0.928	0.001	0.001	0.070
0.001	0.001	0.997	0.001
0.338	0.001	0.660	0.001
0.064	0.001	0.324	0.611
0.001	0.001	0.997	0.001
>WAACCACAAR	5-WAACCACAAR	7.244858	-428.672071	0	T:1246.0(16.07%),B:2704.5(6.51%),P:1e-186	Tpos:99.9,Tstd:49.6,Bpos:99.1,Bstd:60.5,StrandBias:-0.1,Multiplicity:1.10
0.482	0.042	0.042	0.433
0.596	0.056	0.220	0.128
0.731	0.042	0.213	0.014
0.013	0.975	0.001	0.011
0.016	0.956	0.008	0.020
0.921	0.022	0.023	0.034
0.003	0.948	0.041	0.008
0.770	0.062	0.067	0.101
0.457	0.063	0.292	0.187
0.355	0.090	0.454	0.101
>CACTAGAGGG	6-CACTAGAGGG	9.338277	-315.627390	0	T:112.0(1.44%),B:14.8(0.04%),P:1e-137	Tpos:95.8,Tstd:42.7,Bpos:126.2,Bstd:39.8,StrandBias:1.1,Multiplicity:1.00
0.001	0.997	0.001	0.001
0.997	0.001	0.001	0.001
0.001	0.997	0.001	0.001
0.001	0.001	0.001	0.997
0.997	0.001	0.001	0.001
0.001	0.001	0.997	0.001
0.984	0.014	0.001	0.001
0.001	0.001	0.793	0.205
0.001	0.001	0.997	0.001
0.001	0.001	0.997	0.001
>YCACTTCCTG	7-YCACTTCCTG	7.323926	-232.164003	0	T:1311.0(16.91%),B:3813.1(9.17%),P:1e-100	Tpos:99.8,Tstd:52.6,Bpos:99.2,Bstd:61.1,StrandBias:-0.1,Multiplicity:1.09
0.172	0.376	0.178	0.274
0.246	0.499	0.001	0.254
0.732	0.089	0.178	0.001
0.001	0.582	0.001	0.416
0.295	0.001	0.001	0.703
0.001	0.014	0.112	0.873
0.001	0.997	0.001	0.001
0.001	0.997	0.001	0.001
0.033	0.103	0.284	0.580
0.001	0.199	0.643	0.157
>RWTSCWTTGT	8-RWTSCWTTGT	6.649760	-217.020265	0	T:1797.0(23.18%),B:5969.3(14.36%),P:1e-94	Tpos:98.7,Tstd:53.6,Bpos:100.2,Bstd:61.0,StrandBias:-0.0,Multiplicity:1.14
0.396	0.155	0.359	0.090
0.387	0.193	0.153	0.268
0.149	0.155	0.271	0.425
0.001	0.463	0.389	0.147
0.001	0.721	0.021	0.257
0.469	0.144	0.001	0.386
0.001	0.112	0.001	0.886
0.001	0.001	0.001	0.997
0.001	0.132	0.866	0.001
0.001	0.046	0.001	0.952
>ATGACTAAGG	9-ATGACTAAGG	6.782866	-175.653528	0	T:954.0(12.30%),B:2708.4(6.51%),P:1e-76	Tpos:101.3,Tstd:55.4,Bpos:95.9,Bstd:62.3,StrandBias:0.1,Multiplicity:1.05
0.773	0.005	0.079	0.143
0.037	0.001	0.165	0.797
0.033	0.087	0.866	0.014
0.633	0.204	0.066	0.097
0.093	0.841	0.057	0.009
0.293	0.031	0.115	0.561
0.865	0.024	0.061	0.050
0.652	0.033	0.232	0.083
0.004	0.011	0.826	0.159
0.074	0.025	0.725	0.176
>AGGAATTTSA	10-AGGAATTTSA	6.265496	-171.340301	0	T:1004.0(12.95%),B:2932.2(7.05%),P:1e-74	Tpos:100.1,Tstd:53.6,Bpos:100.5,Bstd:61.7,StrandBias:-0.0,Multiplicity:1.08
0.663	0.051	0.001	0.285
0.001	0.001	0.997	0.001
0.001	0.001	0.997	0.001
0.997	0.001	0.001	0.001
0.997	0.001	0.001	0.001
0.001	0.001	0.001	0.997
0.001	0.001	0.249	0.749
0.001	0.177	0.001	0.821
0.137	0.354	0.404	0.105
0.501	0.191	0.170	0.138
>CGCCMGCKGG	11-CGCCMGCKGG	5.278405	-112.869226	0	T:1790.0(23.09%),B:6881.5(16.55%),P:1e-49	Tpos:101.9,Tstd:55.0,Bpos:100.3,Bstd:60.4,StrandBias:0.0,Multiplicity:1.50
0.263	0.432	0.183	0.122
0.036	0.143	0.773	0.048
0.018	0.817	0.094	0.071
0.069	0.660	0.186	0.085
0.363	0.326	0.186	0.126
0.001	0.029	0.947	0.023
0.275	0.688	0.018	0.019
0.116	0.118	0.412	0.353
0.100	0.194	0.704	0.002
0.199	0.258	0.483	0.059
>CASTAACCAC	12-CASTAACCAC	6.567248	-109.369760	0	T:239.0(3.08%),B:424.1(1.02%),P:1e-47	Tpos:109.1,Tstd:55.4,Bpos:96.0,Bstd:62.4,StrandBias:-0.0,Multiplicity:1.02
0.237	0.445	0.174	0.144
0.450	0.147	0.214	0.189
0.118	0.359	0.333	0.190
0.214	0.223	0.136	0.427
0.721	0.067	0.090	0.122
0.639	0.130	0.195	0.036
0.077	0.555	0.140	0.228
0.043	0.733	0.083	0.141
0.713	0.060	0.076	0.151
0.157	0.653	0.094	0.096
>AAAGAATGCC	13-AAAGAATGCC	6.766173	-107.766953	0	T:1129.0(14.56%),B:3919.7(9.43%),P:1e-46	Tpos:101.3,Tstd:57.7,Bpos:100.5,Bstd:60.9,StrandBias:0.0,Multiplicity:1.05
0.789	0.100	0.069	0.042
0.807	0.063	0.086	0.044
0.834	0.056	0.049	0.061
0.086	0.111	0.759	0.044
0.858	0.042	0.063	0.037
0.741	0.125	0.079	0.055
0.048	0.027	0.066	0.859
0.051	0.070	0.792	0.087
0.070	0.778	0.079	0.073
0.097	0.783	0.051	0.069
>CTGCCCGGAG	14-CTGCCCGGAG	4.875074	-73.723521	0	T:1846.0(23.81%),B:7652.8(18.41%),P:1e-32	Tpos:101.9,Tstd:53.8,Bpos:100.6,Bstd:59.6,StrandBias:-0.0,Multiplicity:1.16
0.098	0.686	0.104	0.112
0.109	0.094	0.100	0.697
0.101	0.100	0.707	0.092
0.103	0.690	0.114	0.093
0.096	0.739	0.074	0.091
0.112	0.685	0.098	0.105
0.124	0.095	0.675	0.106
0.083	0.087	0.736	0.094
0.693	0.103	0.112	0.092
0.126	0.090	0.693	0.091
>SAAACCGHAA	15-SAAACCGHAA	6.522886	-72.173042	0	T:391.0(5.04%),B:1098.2(2.64%),P:1e-31	Tpos:97.5,Tstd:56.1,Bpos:99.3,Bstd:57.5,StrandBias:-0.0,Multiplicity:1.03
0.108	0.355	0.379	0.157
0.548	0.147	0.013	0.292
0.896	0.027	0.076	0.001
0.626	0.192	0.084	0.098
0.182	0.800	0.001	0.017
0.019	0.572	0.408	0.001
0.106	0.057	0.683	0.154
0.304	0.380	0.068	0.249
0.656	0.029	0.001	0.314
0.632	0.020	0.304	0.044
>AGGGCTGTTT	16-AGGGCTGTTT	6.865424	-71.434966	0	T:832.0(10.73%),B:2947.1(7.09%),P:1e-31	Tpos:99.7,Tstd:54.5,Bpos:101.4,Bstd:60.2,StrandBias:0.0,Multiplicity:1.05
0.803	0.048	0.070	0.079
0.089	0.058	0.810	0.043
0.125	0.040	0.759	0.076
0.056	0.037	0.821	0.086
0.060	0.854	0.052	0.034
0.088	0.094	0.077	0.741
0.077	0.088	0.774	0.061
0.037	0.048	0.063	0.852
0.060	0.047	0.118	0.775
0.064	0.053	0.070	0.813
>RATGAYRTCA	17-RATGAYRTCA	6.655687	-66.574331	0	T:299.0(3.86%),B:780.7(1.88%),P:1e-28	Tpos:98.9,Tstd:50.8,Bpos:101.5,Bstd:64.2,StrandBias:-0.0,Multiplicity:1.01
0.290	0.156	0.415	0.139
0.483	0.202	0.282	0.033
0.024	0.044	0.040	0.892
0.206	0.023	0.578	0.193
0.658	0.032	0.025	0.285
0.161	0.392	0.196	0.252
0.297	0.197	0.350	0.157
0.050	0.176	0.184	0.590
0.305	0.643	0.030	0.022
0.702	0.029	0.035	0.234
>CTTTTCCCAG	18-CTTTTCCCAG	8.360420	-44.185397	0	T:203.0(2.62%),B:537.2(1.29%),P:1e-19	Tpos:102.6,Tstd:57.5,Bpos:97.9,Bstd:60.0,StrandBias:0.0,Multiplicity:1.02
0.184	0.557	0.030	0.229
0.246	0.039	0.008	0.707
0.012	0.164	0.199	0.625
0.203	0.001	0.048	0.748
0.037	0.191	0.196	0.576
0.110	0.658	0.151	0.081
0.119	0.709	0.063	0.109
0.004	0.871	0.077	0.048
0.666	0.081	0.048	0.205
0.149	0.222	0.619	0.010
>GTTATCAGAT	19-GTTATCAGAT	11.407180	-34.060420	0	T:30.0(0.39%),B:24.3(0.06%),P:1e-14	Tpos:116.8,Tstd:52.3,Bpos:81.9,Bstd:58.7,StrandBias:0.6,Multiplicity:1.00
0.001	0.001	0.997	0.001
0.001	0.105	0.001	0.893
0.001	0.001	0.001	0.997
0.837	0.001	0.161	0.001
0.001	0.001	0.001	0.997
0.001	0.997	0.001	0.001
0.997	0.001	0.001	0.001
0.001	0.001	0.997	0.001
0.997	0.001	0.001	0.001
0.001	0.001	0.001	0.997
>CCCCGCCCAC	20-CCCCGCCCAC	9.256987	-31.341641	0	T:243.0(3.13%),B:774.4(1.86%),P:1e-13	Tpos:101.0,Tstd:56.8,Bpos:98.4,Bstd:55.0,StrandBias:-0.2,Multiplicity:1.10
0.001	0.748	0.103	0.148
0.001	0.950	0.001	0.048
0.044	0.954	0.001	0.001
0.028	0.942	0.001	0.029
0.072	0.001	0.864	0.063
0.001	0.997	0.001	0.001
0.001	0.997	0.001	0.001
0.001	0.949	0.001	0.049
0.696	0.141	0.030	0.133
0.001	0.928	0.070	0.001
>GCATGACKGA	21-GCATGACKGA	9.296240	-29.549938	0	T:82.0(1.06%),B:173.7(0.42%),P:1e-12	Tpos:101.7,Tstd:47.9,Bpos:99.2,Bstd:68.9,StrandBias:0.3,Multiplicity:1.00
0.213	0.001	0.785	0.001
0.001	0.997	0.001	0.001
0.643	0.001	0.355	0.001
0.001	0.023	0.109	0.867
0.001	0.001	0.997	0.001
0.780	0.001	0.218	0.001
0.001	0.997	0.001	0.001
0.187	0.001	0.400	0.411
0.001	0.001	0.776	0.222
0.740	0.001	0.187	0.072
>GATGAAATCG	22-GATGAAATCG	10.679645	-28.206573	0	T:34.0(0.44%),B:39.1(0.09%),P:1e-12	Tpos:97.2,Tstd:51.9,Bpos:98.4,Bstd:60.4,StrandBias:0.2,Multiplicity:1.00
0.001	0.001	0.997	0.001
0.513	0.157	0.329	0.001
0.001	0.001	0.001	0.997
0.001	0.001	0.997	0.001
0.670	0.328	0.001	0.001
0.997	0.001	0.001	0.001
0.997	0.001	0.001	0.001
0.001	0.001	0.001	0.997
0.001	0.997	0.001	0.001
0.001	0.001	0.822	0.176
>GCGCCGCGCG	23-GCGCCGCGCG	8.115524	-23.063484	0	T:209.0(2.70%),B:699.5(1.68%),P:1e-10	Tpos:91.3,Tstd:56.7,Bpos:97.4,Bstd:60.4,StrandBias:-0.1,Multiplicity:1.26
0.010	0.246	0.699	0.045
0.003	0.848	0.148	0.001
0.001	0.093	0.833	0.073
0.014	0.870	0.115	0.001
0.111	0.613	0.181	0.095
0.001	0.153	0.845	0.001
0.043	0.815	0.141	0.001
0.001	0.081	0.852	0.066
0.025	0.897	0.074	0.004
0.004	0.241	0.735	0.020
>GAGTGCCAGC	24-GAGTGCCAGC	11.162253	-15.079929	0	T:21.0(0.27%),B:29.4(0.07%),P:1e-6	Tpos:116.5,Tstd:50.5,Bpos:80.9,Bstd:52.4,StrandBias:-1.0,Multiplicity:1.00
0.001	0.001	0.997	0.001
0.997	0.001	0.001	0.001
0.001	0.001	0.997	0.001
0.001	0.001	0.001	0.997
0.001	0.001	0.997	0.001
0.001	0.997	0.001	0.001
0.001	0.997	0.001	0.001
0.861	0.069	0.069	0.001
0.001	0.001	0.997	0.001
0.001	0.997	0.001	0.001
>TACACCCTGT	25-TACACCCTGT	13.751433	-6.869890	0	T:5.0(0.06%),B:4.4(0.01%),P:1e-2	Tpos:130.0,Tstd:53.4,Bpos:142.2,Bstd:19.4,StrandBias:-0.7,Multiplicity:1.60
0.001	0.001	0.001	0.997
0.997	0.001	0.001	0.001
0.001	0.997	0.001	0.001
0.997	0.001	0.001	0.001
0.001	0.997	0.001	0.001
0.001	0.919	0.079	0.001
0.001	0.997	0.001	0.001
0.001	0.001	0.001	0.997
0.001	0.001	0.997	0.001
0.001	0.001	0.001	0.997
>ATGASTCATNNN	1-ATGASTCATNNN	7.500315	-3989.594990	0	T:2953.0(38.09%),B:2045.1(4.92%),P:1e-1732	Tpos:101.8,Tstd:43.5,Bpos:101.6,Bstd:65.1,StrandBias:0.0,Multiplicity:1.14
0.437	0.204	0.245	0.114
0.001	0.001	0.001	0.997
0.001	0.001	0.725	0.273
0.986	0.001	0.001	0.012
0.155	0.333	0.389	0.122
0.001	0.001	0.001	0.997
0.162	0.836	0.001	0.001
0.997	0.001	0.001	0.001
0.117	0.248	0.204	0.431
0.285	0.283	0.184	0.249
0.275	0.226	0.224	0.276
0.214	0.260	0.250	0.276
>GCCACCTAGTGG	2-GCCACCTAGTGG	8.646905	-1427.400081	0	T:865.0(11.16%),B:375.4(0.90%),P:1e-619	Tpos:102.2,Tstd:39.5,Bpos:103.6,Bstd:60.5,StrandBias:-0.0,Multiplicity:1.01
0.096	0.030	0.817	0.057
0.108	0.859	0.017	0.016
0.010	0.978	0.002	0.010
0.701	0.249	0.014	0.036
0.006	0.602	0.002	0.390
0.014	0.959	0.013	0.014
0.037	0.038	0.009	0.916
0.599	0.039	0.240	0.122
0.014	0.185	0.782	0.019
0.061	0.016	0.020	0.903
0.008	0.002	0.984	0.006
0.026	0.018	0.905	0.051
>ATGACTTAGTCA	3-ATGACTTAGTCA	7.154034	-538.115961	0	T:1405.0(18.12%),B:2891.3(6.95%),P:1e-233	Tpos:94.0,Tstd:52.8,Bpos:98.7,Bstd:62.5,StrandBias:-0.1,Multiplicity:1.06
0.629	0.129	0.107	0.135
0.229	0.001	0.076	0.694
0.022	0.014	0.805	0.159
0.491	0.113	0.152	0.245
0.064	0.582	0.130	0.224
0.105	0.002	0.001	0.892
0.188	0.164	0.214	0.434
0.810	0.001	0.002	0.187
0.163	0.111	0.535	0.191
0.010	0.092	0.041	0.857
0.086	0.894	0.015	0.005
0.987	0.001	0.001	0.011
>CTGTGANTCACY	4-CTGTGANTCACY	8.567806	-436.562174	0	T:494.0(6.37%),B:501.0(1.21%),P:1e-189	Tpos:96.3,Tstd:49.2,Bpos:95.9,Bstd:62.9,StrandBias:-0.3,Multiplicity:1.03
0.289	0.576	0.040	0.095
0.269	0.028	0.031	0.672
0.030	0.368	0.541	0.061
0.013	0.017	0.021	0.949
0.023	0.032	0.817	0.128
0.898	0.034	0.026	0.042
0.308	0.255	0.247	0.190
0.030	0.061	0.048	0.861
0.289	0.571	0.097	0.043
0.791	0.038	0.131	0.040
0.360	0.579	0.051	0.010
0.078	0.448	0.067	0.406
>TGCCACTAGGGG	5-TGCCACTAGGGG	6.935201	-335.188317	0	T:1003.0(12.94%),B:2190.3(5.27%),P:1e-145	Tpos:104.0,Tstd:52.0,Bpos:98.5,Bstd:59.4,StrandBias:0.1,Multiplicity:1.06
0.102	0.033	0.120	0.745
0.088	0.073	0.751	0.088
0.075	0.714	0.089	0.122
0.057	0.870	0.017	0.056
0.707	0.125	0.051	0.117
0.070	0.774	0.089	0.067
0.110	0.156	0.060	0.674
0.704	0.061	0.138	0.097
0.083	0.030	0.799	0.088
0.132	0.042	0.749	0.077
0.099	0.050	0.767	0.084
0.099	0.078	0.746	0.077
>DNHYTGTGGTTW	6-DNHYTGTGGTTW	8.630894	-291.660113	0	T:760.0(9.80%),B:1522.7(3.66%),P:1e-126	Tpos:97.8,Tstd:49.5,Bpos:100.2,Bstd:59.5,StrandBias:0.1,Multiplicity:1.06
0.389	0.001	0.262	0.347
0.207	0.209	0.329	0.255
0.217	0.351	0.159	0.273
0.192	0.462	0.001	0.345
0.001	0.001	0.001	0.997
0.001	0.001	0.997	0.001
0.001	0.001	0.006	0.992
0.001	0.001	0.997	0.001
0.030	0.022	0.947	0.001
0.001	0.310	0.092	0.597
0.069	0.266	0.140	0.525
0.391	0.038	0.163	0.408
>SCAGAGGGMRCT	7-SCAGAGGGMRCT	9.272616	-253.833255	0	T:428.0(5.52%),B:628.1(1.51%),P:1e-110	Tpos:98.4,Tstd:49.7,Bpos:102.7,Bstd:58.6,StrandBias:-0.2,Multiplicity:1.02
0.001	0.527	0.471	0.001
0.055	0.769	0.001	0.175
0.997	0.001	0.001	0.001
0.001	0.001	0.997	0.001
0.689	0.001	0.309	0.001
0.001	0.001	0.771	0.227
0.243	0.001	0.755	0.001
0.106	0.001	0.892	0.001
0.381	0.482	0.074	0.064
0.466	0.011	0.493	0.029
0.001	0.764	0.234	0.001
0.103	0.347	0.001	0.549
>NYCAYTTCCTGY	8-NYCAYTTCCTGY	7.849675	-203.964855	0	T:906.0(11.69%),B:2375.0(5.71%),P:1e-88	Tpos:98.0,Tstd:51.3,Bpos:97.8,Bstd:60.1,StrandBias:-0.2,Multiplicity:1.05
0.321	0.215	0.236	0.227
0.081	0.409	0.234	0.275
0.169	0.699	0.001	0.131
0.997	0.001	0.001	0.001
0.001	0.570	0.001	0.428
0.283	0.001	0.001	0.715
0.001	0.001	0.001	0.997
0.001	0.997	0.001	0.001
0.001	0.997	0.001	0.001
0.001	0.001	0.001	0.997
0.001	0.152	0.734	0.113
0.095	0.369	0.065	0.471
>ATGACACATANW	9-ATGACACATANW	9.487579	-84.212358	0	T:237.0(3.06%),B:492.4(1.18%),P:1e-36	Tpos:103.9,Tstd:49.9,Bpos:96.5,Bstd:65.2,StrandBias:0.3,Multiplicity:1.02
0.560	0.200	0.239	0.001
0.001	0.001	0.001	0.997
0.024	0.016	0.959	0.001
0.997	0.001	0.001	0.001
0.001	0.659	0.339	0.001
0.997	0.001	0.001	0.001
0.178	0.772	0.049	0.001
0.997	0.001	0.001	0.001
0.053	0.217	0.272	0.457
0.411	0.162	0.184	0.243
0.238	0.215	0.296	0.251
0.309	0.176	0.139	0.376
>TCAKSAGTSACW	10-TCAKSAGTSACW	8.908517	-81.559580	0	T:113.0(1.46%),B:141.6(0.34%),P:1e-35	Tpos:97.8,Tstd:58.0,Bpos:88.7,Bstd:54.8,StrandBias:0.4,Multiplicity:1.02
0.212	0.213	0.179	0.396
0.043	0.902	0.026	0.029
0.684	0.029	0.006	0.281
0.260	0.010	0.305	0.424
0.056	0.521	0.392	0.031
0.730	0.001	0.020	0.249
0.060	0.053	0.670	0.217
0.054	0.181	0.185	0.580
0.177	0.414	0.276	0.133
0.585	0.056	0.014	0.345
0.068	0.827	0.064	0.041
0.376	0.158	0.001	0.465
>ATGAYKTCATCC	11-ATGAYKTCATCC	9.233682	-77.787176	0	T:204.0(2.63%),B:407.4(0.98%),P:1e-33	Tpos:100.7,Tstd:49.0,Bpos:102.1,Bstd:66.7,StrandBias:-0.1,Multiplicity:1.00
0.621	0.144	0.206	0.029
0.001	0.001	0.014	0.984
0.001	0.001	0.970	0.028
0.956	0.014	0.029	0.001
0.110	0.466	0.101	0.323
0.144	0.087	0.423	0.346
0.101	0.014	0.029	0.856
0.028	0.970	0.001	0.001
0.943	0.014	0.014	0.029
0.001	0.210	0.028	0.761
0.149	0.698	0.086	0.067
0.182	0.639	0.001	0.178
>AAGGCTWTTGTT	12-AAGGCTWTTGTT	9.827641	-70.645658	0	T:176.0(2.27%),B:341.9(0.82%),P:1e-30	Tpos:93.3,Tstd:55.8,Bpos:93.6,Bstd:57.6,StrandBias:-0.3,Multiplicity:1.01
0.628	0.001	0.179	0.192
0.569	0.001	0.376	0.054
0.222	0.001	0.493	0.284
0.044	0.299	0.576	0.081
0.001	0.997	0.001	0.001
0.001	0.249	0.001	0.749
0.351	0.145	0.029	0.475
0.001	0.001	0.001	0.997
0.001	0.001	0.001	0.997
0.162	0.001	0.684	0.153
0.001	0.050	0.001	0.948
0.001	0.001	0.001	0.997
>TAACCACAAAGG	13-TAACCACAAAGG	9.606384	-69.744993	0	T:169.0(2.18%),B:323.0(0.78%),P:1e-30	Tpos:105.5,Tstd:49.4,Bpos:96.3,Bstd:58.0,StrandBias:-0.1,Multiplicity:1.03
0.313	0.001	0.077	0.609
0.607	0.165	0.152	0.076
0.957	0.001	0.041	0.001
0.152	0.695	0.152	0.001
0.001	0.974	0.001	0.024
0.915	0.001	0.001	0.083
0.029	0.818	0.152	0.001
0.974	0.001	0.001	0.024
0.862	0.002	0.135	0.001
0.871	0.001	0.102	0.026
0.192	0.001	0.719	0.088
0.001	0.001	0.997	0.001
>CAATGCATTGTT	14-CAATGCATTGTT	6.641243	-69.546428	0	T:1175.0(15.16%),B:4520.7(10.87%),P:1e-30	Tpos:99.6,Tstd:54.6,Bpos:100.4,Bstd:61.3,StrandBias:0.1,Multiplicity:1.09
0.128	0.676	0.100	0.096
0.797	0.094	0.026	0.083
0.723	0.094	0.099	0.084
0.117	0.034	0.092	0.757
0.076	0.080	0.746	0.098
0.090	0.745	0.079	0.086
0.775	0.086	0.027	0.112
0.083	0.090	0.085	0.742
0.057	0.033	0.082	0.828
0.087	0.111	0.681	0.121
0.058	0.092	0.072	0.778
0.075	0.070	0.100	0.755
>AGATTCCTTTGT	15-AGATTCCTTTGT	9.666114	-62.045555	0	T:130.0(1.68%),B:226.0(0.54%),P:1e-26	Tpos:108.9,Tstd:50.9,Bpos:103.4,Bstd:55.4,StrandBias:-0.3,Multiplicity:1.00
0.830	0.018	0.078	0.074
0.046	0.083	0.819	0.052
0.792	0.118	0.039	0.051
0.048	0.088	0.062	0.802
0.024	0.030	0.082	0.864
0.042	0.839	0.037	0.082
0.056	0.866	0.006	0.072
0.028	0.056	0.012	0.904
0.040	0.057	0.073	0.830
0.034	0.012	0.081	0.873
0.082	0.093	0.766	0.059
0.069	0.034	0.080	0.817
>TCTGAGTAGCAT	16-TCTGAGTAGCAT	13.184091	-58.454423	0	T:19.0(0.25%),B:2.9(0.01%),P:1e-25	Tpos:80.1,Tstd:62.8,Bpos:98.4,Bstd:52.0,StrandBias:0.7,Multiplicity:1.00
0.040	0.001	0.001	0.958
0.001	0.958	0.001	0.040
0.001	0.001	0.001	0.997
0.001	0.001	0.997	0.001
0.958	0.001	0.040	0.001
0.001	0.001	0.997	0.001
0.001	0.001	0.001	0.997
0.958	0.001	0.001	0.040
0.040	0.001	0.958	0.001
0.001	0.958	0.001	0.040
0.997	0.001	0.001	0.001
0.001	0.001	0.001	0.997
>CCAGCTGGCTGC	17-CCAGCTGGCTGC	8.716684	-56.676277	0	T:314.0(4.05%),B:890.3(2.14%),P:1e-24	Tpos:102.6,Tstd:52.0,Bpos:99.2,Bstd:63.2,StrandBias:-0.2,Multiplicity:1.03
0.079	0.799	0.088	0.034
0.075	0.859	0.019	0.047
0.796	0.074	0.069	0.061
0.042	0.037	0.854	0.067
0.066	0.872	0.033	0.029
0.094	0.023	0.037	0.846
0.037	0.028	0.894	0.041
0.054	0.078	0.815	0.053
0.056	0.845	0.056	0.043
0.069	0.048	0.051	0.832
0.018	0.089	0.828	0.065
0.064	0.760	0.089	0.087
>GTGATGAAATCT	18-GTGATGAAATCT	12.716671	-54.139164	0	T:23.0(0.30%),B:5.0(0.01%),P:1e-23	Tpos:101.7,Tstd:47.0,Bpos:92.6,Bstd:100.8,StrandBias:0.3,Multiplicity:1.00
0.004	0.001	0.940	0.055
0.001	0.152	0.001	0.846
0.001	0.001	0.997	0.001
0.997	0.001	0.001	0.001
0.001	0.001	0.001	0.997
0.152	0.001	0.846	0.001
0.846	0.001	0.152	0.001
0.846	0.152	0.001	0.001
0.846	0.152	0.001	0.001
0.001	0.001	0.001	0.997
0.001	0.846	0.152	0.001
0.001	0.001	0.001	0.997
>CTCTTTGTTTAC	19-CTCTTTGTTTAC	9.276101	-52.477867	0	T:173.0(2.23%),B:393.1(0.95%),P:1e-22	Tpos:99.8,Tstd:56.3,Bpos:105.3,Bstd:60.9,StrandBias:0.1,Multiplicity:1.01
0.098	0.770	0.056	0.076
0.041	0.060	0.028	0.871
0.062	0.835	0.040	0.063
0.072	0.068	0.019	0.841
0.045	0.084	0.034	0.837
0.056	0.017	0.064	0.863
0.046	0.108	0.810	0.036
0.030	0.077	0.023	0.870
0.039	0.045	0.064	0.852
0.038	0.070	0.022	0.870
0.775	0.051	0.107	0.067
0.045	0.811	0.062	0.082
>GTTGTCAGATCG	20-GTTGTCAGATCG	12.341427	-39.357980	0	T:14.0(0.18%),B:2.5(0.01%),P:1e-17	Tpos:111.1,Tstd:47.9,Bpos:126.5,Bstd:27.4,StrandBias:0.8,Multiplicity:1.00
0.001	0.001	0.997	0.001
0.001	0.001	0.001	0.997
0.001	0.001	0.001	0.997
0.359	0.001	0.639	0.001
0.001	0.001	0.001	0.997
0.001	0.997	0.001	0.001
0.997	0.001	0.001	0.001
0.001	0.001	0.997	0.001
0.997	0.001	0.001	0.001
0.001	0.001	0.001	0.997
0.001	0.923	0.023	0.053
0.261	0.001	0.737	0.001
>AGTGTATCCACG	21-AGTGTATCCACG	10.885477	-39.207943	0	T:17.0(0.22%),B:4.1(0.01%),P:1e-17	Tpos:99.1,Tstd:44.8,Bpos:92.7,Bstd:51.7,StrandBias:1.3,Multiplicity:1.00
0.902	0.096	0.001	0.001
0.049	0.049	0.756	0.146
0.097	0.049	0.097	0.757
0.001	0.051	0.851	0.097
0.001	0.001	0.050	0.948
0.854	0.097	0.048	0.001
0.146	0.049	0.100	0.705
0.049	0.853	0.049	0.049
0.048	0.903	0.001	0.048
0.902	0.096	0.001	0.001
0.001	0.790	0.099	0.110
0.146	0.051	0.802	0.001
>GGCCCCGCCCAC	22-GGCCCCGCCCAC	9.742873	-38.981142	0	T:152.0(1.96%),B:376.3(0.91%),P:1e-16	Tpos:97.8,Tstd:55.6,Bpos:89.4,Bstd:48.7,StrandBias:-0.0,Multiplicity:1.14
0.044	0.053	0.859	0.044
0.054	0.076	0.791	0.079
0.044	0.882	0.050	0.024
0.062	0.849	0.055	0.034
0.083	0.837	0.052	0.028
0.083	0.814	0.043	0.060
0.092	0.037	0.773	0.098
0.018	0.886	0.063	0.033
0.019	0.882	0.045	0.054
0.036	0.893	0.024	0.047
0.716	0.156	0.055	0.073
0.051	0.819	0.068	0.062
>YGGCATTCACTA	23-YGGCATTCACTA	12.014173	-29.833496	0	T:15.0(0.19%),B:5.6(0.01%),P:1e-12	Tpos:97.6,Tstd:48.2,Bpos:134.0,Bstd:62.3,StrandBias:0.8,Multiplicity:1.00
0.020	0.494	0.001	0.485
0.008	0.001	0.640	0.351
0.001	0.001	0.882	0.116
0.001	0.997	0.001	0.001
0.874	0.001	0.001	0.124
0.001	0.001	0.001	0.997
0.124	0.001	0.001	0.874
0.001	0.997	0.001	0.001
0.882	0.001	0.001	0.116
0.001	0.874	0.008	0.117
0.001	0.116	0.001	0.882
0.738	0.125	0.020	0.117
>SSGCCCGCGGSS	24-SSGCCCGCGGSS	7.338453	-25.376113	0	T:418.0(5.39%),B:1595.2(3.84%),P:1e-11	Tpos:103.2,Tstd:56.1,Bpos:99.2,Bstd:57.2,StrandBias:-0.1,Multiplicity:1.59
0.037	0.453	0.485	0.025
0.212	0.394	0.270	0.124
0.046	0.148	0.760	0.046
0.059	0.715	0.189	0.037
0.001	0.649	0.267	0.083
0.149	0.525	0.202	0.124
0.001	0.001	0.840	0.158
0.004	0.964	0.001	0.031
0.096	0.290	0.488	0.126
0.050	0.357	0.592	0.001
0.050	0.456	0.443	0.051
0.068	0.473	0.382	0.077
>CTGGGAAATGTA	25-CTGGGAAATGTA	13.853610	-24.199297	0	T:12.0(0.15%),B:4.5(0.01%),P:1e-10	Tpos:107.2,Tstd:60.8,Bpos:83.0,Bstd:52.9,StrandBias:0.0,Multiplicity:1.00
0.001	0.997	0.001	0.001
0.001	0.001	0.001	0.997
0.001	0.001	0.997	0.001
0.001	0.001	0.997	0.001
0.001	0.001	0.997	0.001
0.997	0.001	0.001	0.001
0.997	0.001	0.001	0.001
0.997	0.001	0.001	0.001
0.064	0.001	0.001	0.934
0.001	0.001	0.997	0.001
0.001	0.001	0.001	0.997
0.997	0.001	0.001	0.001
>TGAGTCAT	1-TGAGTCAT	7.092209	-3481.085146	0	T:2882.0(37.17%),B:2324.2(5.59%),P:1e-1511	Tpos:101.7,Tstd:44.2,Bpos:101.5,Bstd:66.8,StrandBias:0.0,Multiplicity:1.14
0.001	0.002	0.001	0.996
0.001	0.001	0.954	0.044
0.984	0.002	0.001	0.013
0.058	0.236	0.639	0.067
0.001	0.001	0.001	0.997
0.020	0.978	0.001	0.001
0.997	0.001	0.001	0.001
0.024	0.182	0.109	0.685
>RTGAKTMA	2-RTGAKTMA	5.705228	-2983.920120	0	T:3445.0(44.43%),B:4273.9(10.28%),P:1e-1295	Tpos:102.0,Tstd:50.7,Bpos:99.5,Bstd:62.3,StrandBias:0.1,Multiplicity:1.10
0.432	0.001	0.566	0.001
0.001	0.051	0.001	0.947
0.001	0.001	0.997	0.001
0.997	0.001	0.001	0.001
0.225	0.055	0.434	0.286
0.001	0.001	0.001	0.997
0.436	0.562	0.001	0.001
0.997	0.001	0.001	0.001
>TKASTMAB	3-TKASTMAB	4.583850	-1765.231136	0	T:4120.0(53.14%),B:9210.4(22.15%),P:1e-766	Tpos:99.8,Tstd:53.4,Bpos:100.4,Bstd:63.8,StrandBias:0.1,Multiplicity:1.13
0.001	0.300	0.217	0.482
0.150	0.163	0.402	0.285
0.449	0.171	0.149	0.231
0.094	0.326	0.441	0.139
0.001	0.001	0.082	0.916
0.464	0.534	0.001	0.001
0.701	0.027	0.271	0.001
0.114	0.284	0.278	0.325
>TGAGTMAT	4-TGAGTMAT	7.972078	-1130.730190	0	T:1241.0(16.01%),B:1264.9(3.04%),P:1e-491	Tpos:100.2,Tstd:50.9,Bpos:101.8,Bstd:65.1,StrandBias:-0.1,Multiplicity:1.04
0.001	0.015	0.227	0.757
0.053	0.001	0.945	0.001
0.606	0.198	0.001	0.195
0.001	0.001	0.997	0.001
0.052	0.001	0.209	0.738
0.419	0.550	0.001	0.030
0.909	0.001	0.089	0.001
0.073	0.001	0.001	0.925
>GATGACTA	5-GATGACTA	5.200393	-362.762560	0	T:2589.0(33.39%),B:8460.2(20.35%),P:1e-157	Tpos:99.6,Tstd:54.6,Bpos:99.8,Bstd:64.4,StrandBias:-0.0,Multiplicity:1.11
0.113	0.180	0.527	0.180
0.653	0.168	0.109	0.070
0.035	0.080	0.065	0.820
0.040	0.022	0.823	0.115
0.850	0.041	0.063	0.046
0.112	0.703	0.139	0.046
0.068	0.075	0.060	0.797
0.835	0.059	0.056	0.050
>TGTGGTTW	6-TGTGGTTW	6.252993	-340.568163	0	T:1827.0(23.57%),B:5309.0(12.77%),P:1e-147	Tpos:99.4,Tstd:50.3,Bpos:98.8,Bstd:61.0,StrandBias:0.0,Multiplicity:1.15
0.170	0.093	0.110	0.627
0.031	0.029	0.875	0.065
0.040	0.109	0.014	0.837
0.007	0.011	0.971	0.011
0.088	0.006	0.878	0.028
0.001	0.183	0.089	0.727
0.173	0.202	0.050	0.575
0.514	0.033	0.081	0.372
>CCACTAGG	7-CCACTAGG	6.499110	-303.636870	0	T:1295.0(16.70%),B:3380.1(8.13%),P:1e-131	Tpos:102.4,Tstd:47.1,Bpos:99.2,Bstd:61.4,StrandBias:-0.0,Multiplicity:1.08
0.051	0.845	0.078	0.026
0.023	0.953	0.013	0.011
0.588	0.129	0.078	0.205
0.057	0.722	0.192	0.029
0.151	0.165	0.036	0.648
0.838	0.024	0.105	0.033
0.034	0.016	0.949	0.001
0.247	0.079	0.458	0.216
>GCCCTCTG	8-GCCCTCTG	6.365455	-207.883295	0	T:1548.0(19.97%),B:4955.5(11.92%),P:1e-90	Tpos:99.4,Tstd:52.3,Bpos:100.7,Bstd:60.3,StrandBias:0.0,Multiplicity:1.12
0.018	0.001	0.861	0.120
0.017	0.955	0.027	0.001
0.001	0.981	0.017	0.001
0.106	0.892	0.001	0.001
0.001	0.184	0.013	0.802
0.001	0.893	0.041	0.065
0.019	0.028	0.015	0.938
0.080	0.036	0.857	0.027
>CCRGMDGR	9-CCRGMDGR	5.103270	-201.426620	0	T:2585.0(33.34%),B:9720.7(23.38%),P:1e-87	Tpos:100.6,Tstd:55.8,Bpos:100.8,Bstd:61.3,StrandBias:0.1,Multiplicity:1.15
0.065	0.827	0.001	0.107
0.132	0.614	0.011	0.243
0.485	0.001	0.513	0.001
0.026	0.367	0.572	0.035
0.524	0.425	0.027	0.024
0.253	0.149	0.373	0.225
0.317	0.024	0.658	0.001
0.401	0.129	0.275	0.195
>GGCARTRC	10-GGCARTRC	5.305696	-167.430014	0	T:2878.0(37.12%),B:11495.5(27.65%),P:1e-72	Tpos:99.8,Tstd:55.2,Bpos:98.8,Bstd:62.3,StrandBias:0.1,Multiplicity:1.23
0.058	0.058	0.819	0.065
0.081	0.056	0.782	0.081
0.398	0.562	0.039	0.001
0.846	0.015	0.061	0.078
0.412	0.064	0.422	0.101
0.071	0.029	0.109	0.791
0.328	0.183	0.468	0.021
0.177	0.469	0.117	0.238
>ACATTCCT	11-ACATTCCT	5.739624	-162.446968	0	T:1068.0(13.78%),B:3247.7(7.81%),P:1e-70	Tpos:99.5,Tstd:53.3,Bpos:101.3,Bstd:62.3,StrandBias:0.0,Multiplicity:1.08
0.808	0.001	0.190	0.001
0.130	0.868	0.001	0.001
0.997	0.001	0.001	0.001
0.001	0.001	0.001	0.997
0.001	0.001	0.001	0.997
0.001	0.997	0.001	0.001
0.001	0.997	0.001	0.001
0.195	0.001	0.001	0.803
>ACCACARA	12-ACCACARA	7.972696	-141.230013	0	T:558.0(7.20%),B:1378.9(3.32%),P:1e-61	Tpos:96.5,Tstd:55.9,Bpos:102.6,Bstd:63.7,StrandBias:-0.0,Multiplicity:1.02
0.924	0.001	0.004	0.071
0.001	0.758	0.240	0.001
0.001	0.956	0.042	0.001
0.923	0.001	0.075	0.001
0.001	0.997	0.001	0.001
0.659	0.339	0.001	0.001
0.341	0.180	0.436	0.043
0.486	0.271	0.003	0.241
>CATTGTTT	13-CATTGTTT	6.023811	-140.270169	0	T:1701.0(21.94%),B:6185.0(14.88%),P:1e-60	Tpos:100.2,Tstd:55.1,Bpos:100.5,Bstd:62.1,StrandBias:0.2,Multiplicity:1.13
0.018	0.864	0.071	0.047
0.871	0.001	0.001	0.127
0.001	0.018	0.001	0.980
0.001	0.010	0.030	0.959
0.001	0.049	0.949	0.001
0.001	0.052	0.001	0.946
0.013	0.066	0.048	0.873
0.053	0.078	0.029	0.840
>ACAAAGGV	14-ACAAAGGV	3.203394	-137.812413	0	T:1917.0(24.73%),B:7206.0(17.33%),P:1e-59	Tpos:99.9,Tstd:55.2,Bpos:98.1,Bstd:59.9,StrandBias:-0.1,Multiplicity:1.11
0.997	0.001	0.001	0.001
0.001	0.997	0.001	0.001
0.997	0.001	0.001	0.001
0.997	0.001	0.001	0.001
0.671	0.001	0.001	0.327
0.406	0.001	0.592	0.001
0.001	0.041	0.957	0.001
0.384	0.333	0.282	0.001
>TGTGGGCA	15-TGTGGGCA	5.982919	-116.745290	0	T:1711.0(22.07%),B:6469.8(15.56%),P:1e-50	Tpos:100.3,Tstd:56.2,Bpos:100.3,Bstd:62.8,StrandBias:0.0,Multiplicity:1.06
0.132	0.050	0.001	0.817
0.028	0.286	0.685	0.001
0.118	0.106	0.054	0.722
0.249	0.008	0.706	0.037
0.179	0.068	0.654	0.099
0.012	0.203	0.587	0.198
0.248	0.475	0.012	0.266
0.759	0.038	0.126	0.077
>AGGAAGCT	16-AGGAAGCT	7.253393	-110.422058	0	T:1523.0(19.64%),B:5667.4(13.63%),P:1e-47	Tpos:98.0,Tstd:54.6,Bpos:98.2,Bstd:63.8,StrandBias:0.2,Multiplicity:1.05
0.997	0.001	0.001	0.001
0.001	0.001	0.997	0.001
0.001	0.001	0.997	0.001
0.773	0.225	0.001	0.001
0.771	0.001	0.001	0.227
0.001	0.001	0.997	0.001
0.001	0.618	0.001	0.380
0.150	0.001	0.331	0.518
>AGGTGGCG	17-AGGTGGCG	7.796448	-108.903390	0	T:365.0(4.71%),B:831.5(2.00%),P:1e-47	Tpos:103.3,Tstd:52.1,Bpos:98.5,Bstd:53.2,StrandBias:0.3,Multiplicity:1.06
0.997	0.001	0.001	0.001
0.001	0.001	0.997	0.001
0.141	0.001	0.857	0.001
0.001	0.001	0.333	0.665
0.001	0.132	0.866	0.001
0.001	0.001	0.997	0.001
0.001	0.997	0.001	0.001
0.001	0.001	0.997	0.001
>TTTCCTGT	18-TTTCCTGT	6.771363	-102.910031	0	T:1093.0(14.10%),B:3804.2(9.15%),P:1e-44	Tpos:97.7,Tstd:55.3,Bpos:100.5,Bstd:60.6,StrandBias:-0.1,Multiplicity:1.05
0.066	0.153	0.001	0.780
0.001	0.001	0.001	0.997
0.001	0.001	0.001	0.997
0.089	0.909	0.001	0.001
0.001	0.997	0.001	0.001
0.001	0.001	0.091	0.907
0.001	0.001	0.997	0.001
0.001	0.001	0.214	0.784
>CCCGCGGG	19-CCCGCGGG	5.487780	-78.866857	0	T:1389.0(17.92%),B:5402.6(12.99%),P:1e-34	Tpos:99.6,Tstd:55.6,Bpos:99.8,Bstd:59.2,StrandBias:0.0,Multiplicity:1.74
0.052	0.807	0.140	0.001
0.001	0.695	0.249	0.055
0.111	0.522	0.191	0.176
0.001	0.001	0.887	0.111
0.001	0.997	0.001	0.001
0.001	0.068	0.610	0.321
0.001	0.195	0.803	0.001
0.065	0.259	0.675	0.001
>TGGTTGGC	20-TGGTTGGC	7.685264	-56.981116	0	T:459.0(5.92%),B:1471.3(3.54%),P:1e-24	Tpos:100.2,Tstd:56.5,Bpos:100.6,Bstd:62.3,StrandBias:-0.1,Multiplicity:1.04
0.001	0.001	0.076	0.922
0.029	0.013	0.849	0.109
0.078	0.037	0.763	0.122
0.028	0.166	0.001	0.805
0.017	0.029	0.001	0.953
0.029	0.001	0.969	0.001
0.001	0.001	0.952	0.046
0.028	0.953	0.018	0.001
>GCCGCGAG	21-GCCGCGAG	6.606084	-37.598550	0	T:344.0(4.44%),B:1145.7(2.76%),P:1e-16	Tpos:106.9,Tstd:55.1,Bpos:102.2,Bstd:58.1,StrandBias:-0.0,Multiplicity:1.11
0.001	0.001	0.997	0.001
0.018	0.944	0.028	0.010
0.001	0.825	0.048	0.126
0.119	0.087	0.793	0.001
0.001	0.897	0.101	0.001
0.001	0.141	0.831	0.027
0.924	0.001	0.001	0.074
0.069	0.075	0.819	0.037
>GTGACGTC	22-GTGACGTC	4.161665	-33.900381	0	T:855.0(11.03%),B:3507.2(8.44%),P:1e-14	Tpos:98.9,Tstd:54.6,Bpos:100.3,Bstd:64.2,StrandBias:0.2,Multiplicity:1.08
0.261	0.269	0.429	0.041
0.147	0.217	0.154	0.482
0.122	0.161	0.529	0.188
0.504	0.230	0.165	0.101
0.127	0.604	0.059	0.210
0.156	0.153	0.542	0.149
0.135	0.129	0.228	0.508
0.199	0.533	0.185	0.083
>CCAGTCAT	23-CCAGTCAT	9.085588	-31.361287	0	T:259.0(3.34%),B:840.8(2.02%),P:1e-13	Tpos:97.0,Tstd:53.6,Bpos:97.3,Bstd:65.9,StrandBias:-0.2,Multiplicity:1.02
0.001	0.997	0.001	0.001
0.001	0.997	0.001	0.001
0.997	0.001	0.001	0.001
0.171	0.001	0.827	0.001
0.001	0.001	0.001	0.997
0.001	0.997	0.001	0.001
0.997	0.001	0.001	0.001
0.001	0.001	0.196	0.802
>RATTGCYC	24-RATTGCYC	5.450541	-26.882570	0	T:413.0(5.33%),B:1555.0(3.74%),P:1e-11	Tpos:101.6,Tstd:57.4,Bpos:100.1,Bstd:59.6,StrandBias:0.2,Multiplicity:1.05
0.405	0.064	0.279	0.252
0.625	0.087	0.061	0.227
0.220	0.092	0.001	0.687
0.238	0.156	0.184	0.422
0.084	0.290	0.503	0.123
0.001	0.790	0.208	0.001
0.180	0.415	0.135	0.270
0.001	0.677	0.309	0.013
>GGCGGGGC	25-GGCGGGGC	7.836606	-18.797787	0	T:393.0(5.07%),B:1570.0(3.78%),P:1e-8	Tpos:102.9,Tstd:59.6,Bpos:96.0,Bstd:55.4,StrandBias:-0.1,Multiplicity:1.27
0.001	0.001	0.920	0.078
0.001	0.001	0.997	0.001
0.001	0.997	0.001	0.001
0.001	0.001	0.997	0.001
0.117	0.062	0.636	0.185
0.001	0.001	0.997	0.001
0.089	0.001	0.909	0.001
0.131	0.867	0.001	0.001
