>ATGASTCATNNN	1-ATGASTCATNNN	7.500315	-3989.594990	0	T:2953.0(38.09%),B:2045.1(4.92%),P:1e-1732	Tpos:101.8,Tstd:43.5,Bpos:101.6,Bstd:65.1,StrandBias:0.0,Multiplicity:1.14
0.437	0.204	0.245	0.114
0.001	0.001	0.001	0.997
0.001	0.001	0.725	0.273
0.986	0.001	0.001	0.012
0.155	0.333	0.389	0.122
0.001	0.001	0.001	0.997
0.162	0.836	0.001	0.001
0.997	0.001	0.001	0.001
0.117	0.248	0.204	0.431
0.285	0.283	0.184	0.249
0.275	0.226	0.224	0.276
0.214	0.260	0.250	0.276
>GCCACCTAGTGG	2-GCCACCTAGTGG	8.646905	-1427.400081	0	T:865.0(11.16%),B:375.4(0.90%),P:1e-619	Tpos:102.2,Tstd:39.5,Bpos:103.6,Bstd:60.5,StrandBias:-0.0,Multiplicity:1.01
0.096	0.030	0.817	0.057
0.108	0.859	0.017	0.016
0.010	0.978	0.002	0.010
0.701	0.249	0.014	0.036
0.006	0.602	0.002	0.390
0.014	0.959	0.013	0.014
0.037	0.038	0.009	0.916
0.599	0.039	0.240	0.122
0.014	0.185	0.782	0.019
0.061	0.016	0.020	0.903
0.008	0.002	0.984	0.006
0.026	0.018	0.905	0.051
>ATGACTTAGTCA	3-ATGACTTAGTCA	7.154034	-538.115961	0	T:1405.0(18.12%),B:2891.3(6.95%),P:1e-233	Tpos:94.0,Tstd:52.8,Bpos:98.7,Bstd:62.5,StrandBias:-0.1,Multiplicity:1.06
0.629	0.129	0.107	0.135
0.229	0.001	0.076	0.694
0.022	0.014	0.805	0.159
0.491	0.113	0.152	0.245
0.064	0.582	0.130	0.224
0.105	0.002	0.001	0.892
0.188	0.164	0.214	0.434
0.810	0.001	0.002	0.187
0.163	0.111	0.535	0.191
0.010	0.092	0.041	0.857
0.086	0.894	0.015	0.005
0.987	0.001	0.001	0.011
>CTGTGANTCACY	4-CTGTGANTCACY	8.567806	-436.562174	0	T:494.0(6.37%),B:501.0(1.21%),P:1e-189	Tpos:96.3,Tstd:49.2,Bpos:95.9,Bstd:62.9,StrandBias:-0.3,Multiplicity:1.03
0.289	0.576	0.040	0.095
0.269	0.028	0.031	0.672
0.030	0.368	0.541	0.061
0.013	0.017	0.021	0.949
0.023	0.032	0.817	0.128
0.898	0.034	0.026	0.042
0.308	0.255	0.247	0.190
0.030	0.061	0.048	0.861
0.289	0.571	0.097	0.043
0.791	0.038	0.131	0.040
0.360	0.579	0.051	0.010
0.078	0.448	0.067	0.406
>TGCCACTAGGGG	5-TGCCACTAGGGG	6.935201	-335.188317	0	T:1003.0(12.94%),B:2190.3(5.27%),P:1e-145	Tpos:104.0,Tstd:52.0,Bpos:98.5,Bstd:59.4,StrandBias:0.1,Multiplicity:1.06
0.102	0.033	0.120	0.745
0.088	0.073	0.751	0.088
0.075	0.714	0.089	0.122
0.057	0.870	0.017	0.056
0.707	0.125	0.051	0.117
0.070	0.774	0.089	0.067
0.110	0.156	0.060	0.674
0.704	0.061	0.138	0.097
0.083	0.030	0.799	0.088
0.132	0.042	0.749	0.077
0.099	0.050	0.767	0.084
0.099	0.078	0.746	0.077
>DNHYTGTGGTTW	6-DNHYTGTGGTTW	8.630894	-291.660113	0	T:760.0(9.80%),B:1522.7(3.66%),P:1e-126	Tpos:97.8,Tstd:49.5,Bpos:100.2,Bstd:59.5,StrandBias:0.1,Multiplicity:1.06
0.389	0.001	0.262	0.347
0.207	0.209	0.329	0.255
0.217	0.351	0.159	0.273
0.192	0.462	0.001	0.345
0.001	0.001	0.001	0.997
0.001	0.001	0.997	0.001
0.001	0.001	0.006	0.992
0.001	0.001	0.997	0.001
0.030	0.022	0.947	0.001
0.001	0.310	0.092	0.597
0.069	0.266	0.140	0.525
0.391	0.038	0.163	0.408
>SCAGAGGGMRCT	7-SCAGAGGGMRCT	9.272616	-253.833255	0	T:428.0(5.52%),B:628.1(1.51%),P:1e-110	Tpos:98.4,Tstd:49.7,Bpos:102.7,Bstd:58.6,StrandBias:-0.2,Multiplicity:1.02
0.001	0.527	0.471	0.001
0.055	0.769	0.001	0.175
0.997	0.001	0.001	0.001
0.001	0.001	0.997	0.001
0.689	0.001	0.309	0.001
0.001	0.001	0.771	0.227
0.243	0.001	0.755	0.001
0.106	0.001	0.892	0.001
0.381	0.482	0.074	0.064
0.466	0.011	0.493	0.029
0.001	0.764	0.234	0.001
0.103	0.347	0.001	0.549
>NYCAYTTCCTGY	8-NYCAYTTCCTGY	7.849675	-203.964855	0	T:906.0(11.69%),B:2375.0(5.71%),P:1e-88	Tpos:98.0,Tstd:51.3,Bpos:97.8,Bstd:60.1,StrandBias:-0.2,Multiplicity:1.05
0.321	0.215	0.236	0.227
0.081	0.409	0.234	0.275
0.169	0.699	0.001	0.131
0.997	0.001	0.001	0.001
0.001	0.570	0.001	0.428
0.283	0.001	0.001	0.715
0.001	0.001	0.001	0.997
0.001	0.997	0.001	0.001
0.001	0.997	0.001	0.001
0.001	0.001	0.001	0.997
0.001	0.152	0.734	0.113
0.095	0.369	0.065	0.471
>ATGACACATANW	9-ATGACACATANW	9.487579	-84.212358	0	T:237.0(3.06%),B:492.4(1.18%),P:1e-36	Tpos:103.9,Tstd:49.9,Bpos:96.5,Bstd:65.2,StrandBias:0.3,Multiplicity:1.02
0.560	0.200	0.239	0.001
0.001	0.001	0.001	0.997
0.024	0.016	0.959	0.001
0.997	0.001	0.001	0.001
0.001	0.659	0.339	0.001
0.997	0.001	0.001	0.001
0.178	0.772	0.049	0.001
0.997	0.001	0.001	0.001
0.053	0.217	0.272	0.457
0.411	0.162	0.184	0.243
0.238	0.215	0.296	0.251
0.309	0.176	0.139	0.376
>TCAKSAGTSACW	10-TCAKSAGTSACW	8.908517	-81.559580	0	T:113.0(1.46%),B:141.6(0.34%),P:1e-35	Tpos:97.8,Tstd:58.0,Bpos:88.7,Bstd:54.8,StrandBias:0.4,Multiplicity:1.02
0.212	0.213	0.179	0.396
0.043	0.902	0.026	0.029
0.684	0.029	0.006	0.281
0.260	0.010	0.305	0.424
0.056	0.521	0.392	0.031
0.730	0.001	0.020	0.249
0.060	0.053	0.670	0.217
0.054	0.181	0.185	0.580
0.177	0.414	0.276	0.133
0.585	0.056	0.014	0.345
0.068	0.827	0.064	0.041
0.376	0.158	0.001	0.465
>ATGAYKTCATCC	11-ATGAYKTCATCC	9.233682	-77.787176	0	T:204.0(2.63%),B:407.4(0.98%),P:1e-33	Tpos:100.7,Tstd:49.0,Bpos:102.1,Bstd:66.7,StrandBias:-0.1,Multiplicity:1.00
0.621	0.144	0.206	0.029
0.001	0.001	0.014	0.984
0.001	0.001	0.970	0.028
0.956	0.014	0.029	0.001
0.110	0.466	0.101	0.323
0.144	0.087	0.423	0.346
0.101	0.014	0.029	0.856
0.028	0.970	0.001	0.001
0.943	0.014	0.014	0.029
0.001	0.210	0.028	0.761
0.149	0.698	0.086	0.067
0.182	0.639	0.001	0.178
>AAGGCTWTTGTT	12-AAGGCTWTTGTT	9.827641	-70.645658	0	T:176.0(2.27%),B:341.9(0.82%),P:1e-30	Tpos:93.3,Tstd:55.8,Bpos:93.6,Bstd:57.6,StrandBias:-0.3,Multiplicity:1.01
0.628	0.001	0.179	0.192
0.569	0.001	0.376	0.054
0.222	0.001	0.493	0.284
0.044	0.299	0.576	0.081
0.001	0.997	0.001	0.001
0.001	0.249	0.001	0.749
0.351	0.145	0.029	0.475
0.001	0.001	0.001	0.997
0.001	0.001	0.001	0.997
0.162	0.001	0.684	0.153
0.001	0.050	0.001	0.948
0.001	0.001	0.001	0.997
>TAACCACAAAGG	13-TAACCACAAAGG	9.606384	-69.744993	0	T:169.0(2.18%),B:323.0(0.78%),P:1e-30	Tpos:105.5,Tstd:49.4,Bpos:96.3,Bstd:58.0,StrandBias:-0.1,Multiplicity:1.03
0.313	0.001	0.077	0.609
0.607	0.165	0.152	0.076
0.957	0.001	0.041	0.001
0.152	0.695	0.152	0.001
0.001	0.974	0.001	0.024
0.915	0.001	0.001	0.083
0.029	0.818	0.152	0.001
0.974	0.001	0.001	0.024
0.862	0.002	0.135	0.001
0.871	0.001	0.102	0.026
0.192	0.001	0.719	0.088
0.001	0.001	0.997	0.001
>CAATGCATTGTT	14-CAATGCATTGTT	6.641243	-69.546428	0	T:1175.0(15.16%),B:4520.7(10.87%),P:1e-30	Tpos:99.6,Tstd:54.6,Bpos:100.4,Bstd:61.3,StrandBias:0.1,Multiplicity:1.09
0.128	0.676	0.100	0.096
0.797	0.094	0.026	0.083
0.723	0.094	0.099	0.084
0.117	0.034	0.092	0.757
0.076	0.080	0.746	0.098
0.090	0.745	0.079	0.086
0.775	0.086	0.027	0.112
0.083	0.090	0.085	0.742
0.057	0.033	0.082	0.828
0.087	0.111	0.681	0.121
0.058	0.092	0.072	0.778
0.075	0.070	0.100	0.755
>AGATTCCTTTGT	15-AGATTCCTTTGT	9.666114	-62.045555	0	T:130.0(1.68%),B:226.0(0.54%),P:1e-26	Tpos:108.9,Tstd:50.9,Bpos:103.4,Bstd:55.4,StrandBias:-0.3,Multiplicity:1.00
0.830	0.018	0.078	0.074
0.046	0.083	0.819	0.052
0.792	0.118	0.039	0.051
0.048	0.088	0.062	0.802
0.024	0.030	0.082	0.864
0.042	0.839	0.037	0.082
0.056	0.866	0.006	0.072
0.028	0.056	0.012	0.904
0.040	0.057	0.073	0.830
0.034	0.012	0.081	0.873
0.082	0.093	0.766	0.059
0.069	0.034	0.080	0.817
>TCTGAGTAGCAT	16-TCTGAGTAGCAT	13.184091	-58.454423	0	T:19.0(0.25%),B:2.9(0.01%),P:1e-25	Tpos:80.1,Tstd:62.8,Bpos:98.4,Bstd:52.0,StrandBias:0.7,Multiplicity:1.00
0.040	0.001	0.001	0.958
0.001	0.958	0.001	0.040
0.001	0.001	0.001	0.997
0.001	0.001	0.997	0.001
0.958	0.001	0.040	0.001
0.001	0.001	0.997	0.001
0.001	0.001	0.001	0.997
0.958	0.001	0.001	0.040
0.040	0.001	0.958	0.001
0.001	0.958	0.001	0.040
0.997	0.001	0.001	0.001
0.001	0.001	0.001	0.997
>CCAGCTGGCTGC	17-CCAGCTGGCTGC	8.716684	-56.676277	0	T:314.0(4.05%),B:890.3(2.14%),P:1e-24	Tpos:102.6,Tstd:52.0,Bpos:99.2,Bstd:63.2,StrandBias:-0.2,Multiplicity:1.03
0.079	0.799	0.088	0.034
0.075	0.859	0.019	0.047
0.796	0.074	0.069	0.061
0.042	0.037	0.854	0.067
0.066	0.872	0.033	0.029
0.094	0.023	0.037	0.846
0.037	0.028	0.894	0.041
0.054	0.078	0.815	0.053
0.056	0.845	0.056	0.043
0.069	0.048	0.051	0.832
0.018	0.089	0.828	0.065
0.064	0.760	0.089	0.087
>GTGATGAAATCT	18-GTGATGAAATCT	12.716671	-54.139164	0	T:23.0(0.30%),B:5.0(0.01%),P:1e-23	Tpos:101.7,Tstd:47.0,Bpos:92.6,Bstd:100.8,StrandBias:0.3,Multiplicity:1.00
0.004	0.001	0.940	0.055
0.001	0.152	0.001	0.846
0.001	0.001	0.997	0.001
0.997	0.001	0.001	0.001
0.001	0.001	0.001	0.997
0.152	0.001	0.846	0.001
0.846	0.001	0.152	0.001
0.846	0.152	0.001	0.001
0.846	0.152	0.001	0.001
0.001	0.001	0.001	0.997
0.001	0.846	0.152	0.001
0.001	0.001	0.001	0.997
>CTCTTTGTTTAC	19-CTCTTTGTTTAC	9.276101	-52.477867	0	T:173.0(2.23%),B:393.1(0.95%),P:1e-22	Tpos:99.8,Tstd:56.3,Bpos:105.3,Bstd:60.9,StrandBias:0.1,Multiplicity:1.01
0.098	0.770	0.056	0.076
0.041	0.060	0.028	0.871
0.062	0.835	0.040	0.063
0.072	0.068	0.019	0.841
0.045	0.084	0.034	0.837
0.056	0.017	0.064	0.863
0.046	0.108	0.810	0.036
0.030	0.077	0.023	0.870
0.039	0.045	0.064	0.852
0.038	0.070	0.022	0.870
0.775	0.051	0.107	0.067
0.045	0.811	0.062	0.082
>GTTGTCAGATCG	20-GTTGTCAGATCG	12.341427	-39.357980	0	T:14.0(0.18%),B:2.5(0.01%),P:1e-17	Tpos:111.1,Tstd:47.9,Bpos:126.5,Bstd:27.4,StrandBias:0.8,Multiplicity:1.00
0.001	0.001	0.997	0.001
0.001	0.001	0.001	0.997
0.001	0.001	0.001	0.997
0.359	0.001	0.639	0.001
0.001	0.001	0.001	0.997
0.001	0.997	0.001	0.001
0.997	0.001	0.001	0.001
0.001	0.001	0.997	0.001
0.997	0.001	0.001	0.001
0.001	0.001	0.001	0.997
0.001	0.923	0.023	0.053
0.261	0.001	0.737	0.001
>AGTGTATCCACG	21-AGTGTATCCACG	10.885477	-39.207943	0	T:17.0(0.22%),B:4.1(0.01%),P:1e-17	Tpos:99.1,Tstd:44.8,Bpos:92.7,Bstd:51.7,StrandBias:1.3,Multiplicity:1.00
0.902	0.096	0.001	0.001
0.049	0.049	0.756	0.146
0.097	0.049	0.097	0.757
0.001	0.051	0.851	0.097
0.001	0.001	0.050	0.948
0.854	0.097	0.048	0.001
0.146	0.049	0.100	0.705
0.049	0.853	0.049	0.049
0.048	0.903	0.001	0.048
0.902	0.096	0.001	0.001
0.001	0.790	0.099	0.110
0.146	0.051	0.802	0.001
>GGCCCCGCCCAC	22-GGCCCCGCCCAC	9.742873	-38.981142	0	T:152.0(1.96%),B:376.3(0.91%),P:1e-16	Tpos:97.8,Tstd:55.6,Bpos:89.4,Bstd:48.7,StrandBias:-0.0,Multiplicity:1.14
0.044	0.053	0.859	0.044
0.054	0.076	0.791	0.079
0.044	0.882	0.050	0.024
0.062	0.849	0.055	0.034
0.083	0.837	0.052	0.028
0.083	0.814	0.043	0.060
0.092	0.037	0.773	0.098
0.018	0.886	0.063	0.033
0.019	0.882	0.045	0.054
0.036	0.893	0.024	0.047
0.716	0.156	0.055	0.073
0.051	0.819	0.068	0.062
>YGGCATTCACTA	23-YGGCATTCACTA	12.014173	-29.833496	0	T:15.0(0.19%),B:5.6(0.01%),P:1e-12	Tpos:97.6,Tstd:48.2,Bpos:134.0,Bstd:62.3,StrandBias:0.8,Multiplicity:1.00
0.020	0.494	0.001	0.485
0.008	0.001	0.640	0.351
0.001	0.001	0.882	0.116
0.001	0.997	0.001	0.001
0.874	0.001	0.001	0.124
0.001	0.001	0.001	0.997
0.124	0.001	0.001	0.874
0.001	0.997	0.001	0.001
0.882	0.001	0.001	0.116
0.001	0.874	0.008	0.117
0.001	0.116	0.001	0.882
0.738	0.125	0.020	0.117
>SSGCCCGCGGSS	24-SSGCCCGCGGSS	7.338453	-25.376113	0	T:418.0(5.39%),B:1595.2(3.84%),P:1e-11	Tpos:103.2,Tstd:56.1,Bpos:99.2,Bstd:57.2,StrandBias:-0.1,Multiplicity:1.59
0.037	0.453	0.485	0.025
0.212	0.394	0.270	0.124
0.046	0.148	0.760	0.046
0.059	0.715	0.189	0.037
0.001	0.649	0.267	0.083
0.149	0.525	0.202	0.124
0.001	0.001	0.840	0.158
0.004	0.964	0.001	0.031
0.096	0.290	0.488	0.126
0.050	0.357	0.592	0.001
0.050	0.456	0.443	0.051
0.068	0.473	0.382	0.077
>CTGGGAAATGTA	25-CTGGGAAATGTA	13.853610	-24.199297	0	T:12.0(0.15%),B:4.5(0.01%),P:1e-10	Tpos:107.2,Tstd:60.8,Bpos:83.0,Bstd:52.9,StrandBias:0.0,Multiplicity:1.00
0.001	0.997	0.001	0.001
0.001	0.001	0.001	0.997
0.001	0.001	0.997	0.001
0.001	0.001	0.997	0.001
0.001	0.001	0.997	0.001
0.997	0.001	0.001	0.001
0.997	0.001	0.001	0.001
0.997	0.001	0.001	0.001
0.064	0.001	0.001	0.934
0.001	0.001	0.997	0.001
0.001	0.001	0.001	0.997
0.997	0.001	0.001	0.001
