>VTGASTCAKN	1-VTGASTCAKN	6.524075	-221.270248	0	T:198.0(40.00%),B:3309.1(6.88%),P:1e-96	Tpos:103.3,Tstd:46.0,Bpos:100.5,Bstd:66.2,StrandBias:0.1,Multiplicity:1.15
0.364	0.264	0.371	0.001
0.001	0.034	0.001	0.964
0.001	0.001	0.973	0.025
0.997	0.001	0.001	0.001
0.055	0.437	0.379	0.129
0.001	0.026	0.038	0.935
0.072	0.926	0.001	0.001
0.979	0.001	0.001	0.019
0.038	0.222	0.326	0.413
0.318	0.186	0.265	0.230
>ATGACWCAVA	2-ATGACWCAVA	7.964759	-47.643019	0	T:79.0(15.96%),B:2237.5(4.65%),P:1e-20	Tpos:93.4,Tstd:55.9,Bpos:101.7,Bstd:63.7,StrandBias:0.2,Multiplicity:1.02
0.658	0.175	0.033	0.134
0.054	0.001	0.001	0.944
0.001	0.001	0.997	0.001
0.834	0.001	0.164	0.001
0.094	0.904	0.001	0.001
0.379	0.159	0.001	0.461
0.259	0.537	0.034	0.170
0.997	0.001	0.001	0.001
0.355	0.387	0.257	0.001
0.683	0.001	0.315	0.001
>CTGTGGTTAG	3-CTGTGGTTAG	7.762559	-45.721618	0	T:55.0(11.11%),B:1157.8(2.41%),P:1e-19	Tpos:93.2,Tstd:48.6,Bpos:100.2,Bstd:63.2,StrandBias:0.3,Multiplicity:1.06
0.080	0.673	0.088	0.159
0.095	0.001	0.001	0.903
0.058	0.038	0.826	0.078
0.026	0.001	0.029	0.944
0.065	0.035	0.824	0.076
0.001	0.035	0.883	0.081
0.049	0.078	0.060	0.813
0.103	0.121	0.057	0.719
0.773	0.052	0.089	0.086
0.114	0.088	0.648	0.150
>CTCAGGAATG	4-CTCAGGAATG	6.820787	-38.537377	0	T:117.0(23.64%),B:4991.2(10.37%),P:1e-16	Tpos:99.8,Tstd:52.6,Bpos:99.4,Bstd:66.5,StrandBias:0.0,Multiplicity:1.11
0.048	0.788	0.080	0.084
0.098	0.046	0.117	0.739
0.076	0.691	0.105	0.128
0.856	0.001	0.027	0.116
0.078	0.028	0.815	0.079
0.071	0.099	0.770	0.060
0.851	0.034	0.059	0.056
0.826	0.069	0.053	0.052
0.049	0.050	0.052	0.849
0.029	0.071	0.821	0.079
>ATGATTCATC	5-ATGATTCATC	4.135639	-33.838797	0	T:339.0(68.48%),B:24522.8(50.96%),P:1e-14	Tpos:97.3,Tstd:56.4,Bpos:99.9,Bstd:65.0,StrandBias:-0.1,Multiplicity:1.34
0.678	0.199	0.104	0.019
0.085	0.261	0.192	0.462
0.103	0.025	0.831	0.041
0.536	0.050	0.153	0.261
0.017	0.091	0.137	0.755
0.053	0.001	0.129	0.817
0.078	0.858	0.012	0.052
0.701	0.197	0.038	0.064
0.017	0.001	0.047	0.935
0.044	0.769	0.084	0.103
>AGGGAATTCC	6-AGGGAATTCC	7.543938	-30.702047	0	T:48.0(9.70%),B:1293.2(2.69%),P:1e-13	Tpos:87.4,Tstd:51.6,Bpos:98.0,Bstd:59.9,StrandBias:-0.5,Multiplicity:1.04
0.545	0.154	0.153	0.148
0.017	0.059	0.745	0.179
0.059	0.001	0.895	0.045
0.119	0.070	0.810	0.001
0.921	0.040	0.038	0.001
0.687	0.117	0.093	0.103
0.001	0.070	0.069	0.860
0.078	0.021	0.128	0.773
0.001	0.844	0.064	0.091
0.019	0.939	0.041	0.001
>GCTTTGTTAW	7-GCTTTGTTAW	8.191674	-27.672810	0	T:26.0(5.25%),B:423.1(0.88%),P:1e-12	Tpos:90.9,Tstd:48.8,Bpos:98.5,Bstd:63.7,StrandBias:0.0,Multiplicity:1.00
0.031	0.284	0.542	0.143
0.022	0.681	0.024	0.273
0.062	0.014	0.001	0.923
0.068	0.041	0.062	0.829
0.267	0.001	0.031	0.701
0.075	0.001	0.875	0.049
0.107	0.025	0.225	0.643
0.176	0.072	0.189	0.563
0.454	0.158	0.190	0.198
0.434	0.051	0.226	0.289
>ATACTAGTGG	8-ATACTAGTGG	9.911750	-25.783017	0	T:14.0(2.83%),B:101.3(0.21%),P:1e-11	Tpos:99.9,Tstd:51.6,Bpos:89.9,Bstd:60.8,StrandBias:-0.4,Multiplicity:1.00
0.997	0.001	0.001	0.001
0.086	0.001	0.001	0.912
0.855	0.072	0.001	0.072
0.001	0.997	0.001	0.001
0.052	0.001	0.001	0.946
0.660	0.001	0.076	0.263
0.001	0.001	0.894	0.104
0.123	0.001	0.001	0.875
0.001	0.001	0.997	0.001
0.001	0.071	0.927	0.001
>STVAGTCACR	9-STVAGTCACR	7.968693	-23.997861	0	T:44.0(8.89%),B:1351.8(2.81%),P:1e-10	Tpos:99.2,Tstd:51.6,Bpos:101.9,Bstd:67.9,StrandBias:0.2,Multiplicity:1.00
0.087	0.530	0.382	0.001
0.087	0.001	0.001	0.911
0.379	0.343	0.277	0.001
0.997	0.001	0.001	0.001
0.134	0.001	0.593	0.272
0.178	0.001	0.001	0.820
0.221	0.617	0.001	0.161
0.864	0.134	0.001	0.001
0.001	0.997	0.001	0.001
0.393	0.217	0.389	0.001
>GCAATGCTGC	10-GCAATGCTGC	9.715732	-23.649895	0	T:20.0(4.04%),B:289.2(0.60%),P:1e-10	Tpos:95.3,Tstd:57.4,Bpos:100.0,Bstd:68.2,StrandBias:0.6,Multiplicity:1.05
0.001	0.001	0.924	0.074
0.001	0.928	0.070	0.001
0.850	0.054	0.095	0.001
0.920	0.041	0.038	0.001
0.001	0.001	0.049	0.949
0.001	0.062	0.936	0.001
0.001	0.997	0.001	0.001
0.080	0.171	0.001	0.748
0.001	0.001	0.997	0.001
0.001	0.801	0.137	0.061
>GGGAGGAGCC	11-GGGAGGAGCC	9.958156	-23.497325	0	T:23.0(4.65%),B:397.4(0.83%),P:1e-10	Tpos:95.7,Tstd:53.7,Bpos:101.1,Bstd:59.1,StrandBias:-0.3,Multiplicity:1.05
0.105	0.108	0.786	0.001
0.067	0.001	0.931	0.001
0.033	0.001	0.965	0.001
0.830	0.041	0.086	0.043
0.001	0.001	0.997	0.001
0.001	0.033	0.965	0.001
0.822	0.001	0.123	0.054
0.001	0.001	0.997	0.001
0.001	0.975	0.023	0.001
0.001	0.863	0.055	0.081
>GCCTGCCTGC	12-GCCTGCCTGC	10.718627	-23.376063	0	T:19.0(3.84%),B:261.5(0.54%),P:1e-10	Tpos:86.9,Tstd:61.5,Bpos:109.9,Bstd:70.8,StrandBias:0.4,Multiplicity:1.00
0.001	0.001	0.886	0.112
0.001	0.997	0.001	0.001
0.001	0.920	0.078	0.001
0.001	0.001	0.001	0.997
0.001	0.001	0.997	0.001
0.001	0.997	0.001	0.001
0.001	0.923	0.075	0.001
0.001	0.001	0.075	0.923
0.073	0.063	0.863	0.001
0.001	0.997	0.001	0.001
>CGGRCGAKGC	13-CGGRCGAKGC	10.150036	-22.898240	0	T:9.0(1.82%),B:33.5(0.07%),P:1e-9	Tpos:79.3,Tstd:39.4,Bpos:80.4,Bstd:50.8,StrandBias:1.0,Multiplicity:1.00
0.083	0.915	0.001	0.001
0.001	0.001	0.997	0.001
0.001	0.001	0.997	0.001
0.450	0.001	0.548	0.001
0.001	0.997	0.001	0.001
0.001	0.001	0.997	0.001
0.997	0.001	0.001	0.001
0.001	0.001	0.548	0.450
0.001	0.001	0.997	0.001
0.001	0.997	0.001	0.001
>TGCGGTTTCC	14-TGCGGTTTCC	9.453901	-21.087665	0	T:13.0(2.63%),B:120.7(0.25%),P:1e-9	Tpos:123.9,Tstd:47.0,Bpos:104.3,Bstd:63.4,StrandBias:0.5,Multiplicity:1.00
0.001	0.218	0.001	0.780
0.001	0.001	0.871	0.127
0.001	0.997	0.001	0.001
0.001	0.001	0.997	0.001
0.001	0.253	0.625	0.121
0.001	0.001	0.001	0.997
0.001	0.001	0.001	0.997
0.001	0.001	0.153	0.845
0.001	0.468	0.219	0.312
0.001	0.888	0.110	0.001
>GARTGMTCTM	15-GARTGMTCTM	8.460866	-20.142724	0	T:30.0(6.06%),B:789.7(1.64%),P:1e-8	Tpos:111.5,Tstd:52.0,Bpos:99.1,Bstd:65.1,StrandBias:0.2,Multiplicity:1.00
0.178	0.001	0.820	0.001
0.636	0.005	0.353	0.006
0.344	0.001	0.413	0.242
0.005	0.001	0.001	0.993
0.001	0.220	0.778	0.001
0.436	0.562	0.001	0.001
0.001	0.135	0.001	0.863
0.001	0.997	0.001	0.001
0.094	0.001	0.001	0.904
0.474	0.435	0.001	0.090
>CCCACAGCCT	16-CCCACAGCCT	7.233491	-19.864963	0	T:65.0(13.13%),B:2852.6(5.93%),P:1e-8	Tpos:105.0,Tstd:52.1,Bpos:96.9,Bstd:62.5,StrandBias:-0.1,Multiplicity:1.08
0.083	0.810	0.042	0.065
0.038	0.867	0.041	0.054
0.105	0.844	0.021	0.030
0.818	0.044	0.074	0.064
0.052	0.786	0.070	0.092
0.750	0.046	0.061	0.143
0.014	0.092	0.800	0.094
0.050	0.780	0.060	0.110
0.086	0.726	0.131	0.057
0.082	0.057	0.032	0.829
>TTGTAACGTC	17-TTGTAACGTC	11.791570	-16.629418	0	T:7.0(1.41%),B:32.6(0.07%),P:1e-7	Tpos:115.8,Tstd:58.3,Bpos:105.5,Bstd:57.4,StrandBias:-1.0,Multiplicity:1.29
0.001	0.001	0.001	0.997
0.001	0.001	0.001	0.997
0.001	0.001	0.997	0.001
0.001	0.001	0.001	0.997
0.997	0.001	0.001	0.001
0.761	0.237	0.001	0.001
0.001	0.750	0.001	0.248
0.001	0.001	0.724	0.274
0.001	0.001	0.001	0.997
0.001	0.997	0.001	0.001
>CGGCGGCAGC	18-CGGCGGCAGC	9.594124	-16.436687	0	T:18.0(3.64%),B:362.2(0.75%),P:1e-7	Tpos:97.7,Tstd:53.1,Bpos:108.6,Bstd:59.2,StrandBias:1.4,Multiplicity:1.00
0.051	0.947	0.001	0.001
0.032	0.001	0.966	0.001
0.001	0.089	0.909	0.001
0.071	0.825	0.001	0.103
0.076	0.148	0.775	0.001
0.001	0.001	0.997	0.001
0.001	0.997	0.001	0.001
0.812	0.033	0.154	0.001
0.001	0.089	0.909	0.001
0.001	0.883	0.001	0.115
>TGCAGAAATC	19-TGCAGAAATC	7.238196	-15.950205	0	T:45.0(9.09%),B:1838.3(3.82%),P:1e-6	Tpos:82.3,Tstd:51.5,Bpos:98.7,Bstd:68.0,StrandBias:0.4,Multiplicity:1.05
0.055	0.213	0.040	0.692
0.115	0.068	0.753	0.064
0.317	0.601	0.065	0.017
0.894	0.022	0.001	0.083
0.030	0.342	0.596	0.032
0.706	0.040	0.086	0.168
0.744	0.028	0.082	0.146
0.573	0.025	0.075	0.327
0.031	0.363	0.066	0.540
0.258	0.444	0.238	0.060
>CGAGCCGAAG	20-CGAGCCGAAG	7.413945	-15.478398	0	T:22.0(4.44%),B:567.6(1.18%),P:1e-6	Tpos:99.3,Tstd:40.4,Bpos:104.3,Bstd:54.9,StrandBias:1.2,Multiplicity:1.15
0.031	0.810	0.082	0.077
0.118	0.095	0.745	0.042
0.830	0.036	0.036	0.098
0.095	0.042	0.752	0.111
0.029	0.797	0.042	0.132
0.001	0.828	0.140	0.031
0.110	0.001	0.808	0.081
0.724	0.164	0.111	0.001
0.771	0.039	0.100	0.090
0.041	0.001	0.957	0.001
>CTGCACTGTT	21-CTGCACTGTT	10.038493	-15.174826	0	T:16.0(3.23%),B:312.9(0.65%),P:1e-6	Tpos:119.2,Tstd:43.8,Bpos:99.4,Bstd:66.6,StrandBias:1.1,Multiplicity:1.19
0.001	0.899	0.099	0.001
0.001	0.001	0.001	0.997
0.001	0.073	0.873	0.053
0.077	0.921	0.001	0.001
0.906	0.058	0.001	0.035
0.001	0.777	0.061	0.161
0.058	0.001	0.001	0.940
0.078	0.001	0.860	0.061
0.001	0.001	0.077	0.921
0.001	0.046	0.001	0.952
>TGAGTCACTA	22-TGAGTCACTA	9.956153	-12.763694	0	T:10.0(2.02%),B:141.2(0.29%),P:1e-5	Tpos:91.0,Tstd:0.0,Bpos:105.9,Bstd:60.0,StrandBias:-10.0,Multiplicity:1.00
0.081	0.023	0.028	0.868
0.073	0.111	0.770	0.046
0.720	0.001	0.146	0.133
0.096	0.039	0.789	0.076
0.053	0.135	0.069	0.743
0.136	0.788	0.040	0.036
0.927	0.015	0.001	0.057
0.071	0.872	0.056	0.001
0.032	0.070	0.029	0.869
0.697	0.109	0.144	0.050
>AATGCCTCAC	23-AATGCCTCAC	10.037451	-12.009686	0	T:6.0(1.21%),B:43.0(0.09%),P:1e-5	Tpos:89.3,Tstd:40.2,Bpos:102.1,Bstd:59.6,StrandBias:2.3,Multiplicity:1.00
0.788	0.070	0.108	0.034
0.644	0.003	0.005	0.348
0.002	0.070	0.056	0.872
0.089	0.113	0.761	0.037
0.123	0.749	0.063	0.065
0.244	0.622	0.102	0.032
0.022	0.151	0.109	0.718
0.294	0.635	0.070	0.001
0.650	0.004	0.343	0.003
0.090	0.868	0.001	0.041
>TTTAGGGCCG	24-TTTAGGGCCG	7.895480	-11.052407	0	T:12.0(2.42%),B:251.8(0.52%),P:1e-4	Tpos:104.7,Tstd:66.6,Bpos:100.0,Bstd:61.0,StrandBias:0.4,Multiplicity:1.17
0.001	0.097	0.001	0.901
0.001	0.098	0.140	0.761
0.140	0.140	0.001	0.719
0.997	0.001	0.001	0.001
0.107	0.001	0.752	0.140
0.140	0.140	0.719	0.001
0.001	0.246	0.752	0.001
0.140	0.516	0.204	0.140
0.001	0.997	0.001	0.001
0.063	0.001	0.935	0.001
>ATCAMTCATT	25-ATCAMTCATT	9.105997	-10.148296	0	T:19.0(3.84%),B:627.8(1.30%),P:1e-4	Tpos:90.1,Tstd:63.1,Bpos:106.6,Bstd:66.6,StrandBias:0.0,Multiplicity:1.00
0.899	0.001	0.099	0.001
0.108	0.001	0.001	0.890
0.001	0.997	0.001	0.001
0.816	0.098	0.001	0.085
0.328	0.476	0.097	0.099
0.001	0.303	0.001	0.695
0.152	0.846	0.001	0.001
0.661	0.223	0.001	0.115
0.001	0.001	0.001	0.997
0.001	0.001	0.001	0.997
>RDNVTGASTCAB	1-RDNVTGASTCAB	7.017918	-224.068443	0	T:186.0(37.58%),B:2783.9(5.79%),P:1e-97	Tpos:103.2,Tstd:46.5,Bpos:101.8,Bstd:65.6,StrandBias:0.1,Multiplicity:1.10
0.277	0.162	0.399	0.162
0.248	0.151	0.255	0.346
0.278	0.208	0.324	0.191
0.370	0.244	0.340	0.046
0.001	0.001	0.068	0.930
0.001	0.023	0.722	0.254
0.862	0.023	0.046	0.069
0.131	0.384	0.346	0.139
0.046	0.023	0.046	0.885
0.070	0.883	0.046	0.001
0.976	0.001	0.001	0.022
0.070	0.254	0.290	0.386
>CTTTCTGTGGTT	2-CTTTCTGTGGTT	9.803236	-35.012711	0	T:29.0(5.86%),B:397.8(0.83%),P:1e-15	Tpos:92.3,Tstd:50.9,Bpos:96.9,Bstd:62.6,StrandBias:-0.1,Multiplicity:1.04
0.065	0.832	0.001	0.102
0.130	0.105	0.001	0.764
0.002	0.176	0.115	0.707
0.001	0.119	0.185	0.695
0.130	0.625	0.130	0.115
0.001	0.001	0.001	0.997
0.001	0.047	0.951	0.001
0.001	0.001	0.001	0.997
0.001	0.049	0.903	0.047
0.130	0.205	0.664	0.001
0.001	0.001	0.001	0.997
0.001	0.131	0.001	0.867
>GCACTYAGTCAA	3-GCACTYAGTCAA	10.397143	-34.911270	0	T:18.0(3.64%),B:114.6(0.24%),P:1e-15	Tpos:107.9,Tstd:60.2,Bpos:100.4,Bstd:71.3,StrandBias:-0.2,Multiplicity:1.00
0.118	0.200	0.681	0.001
0.121	0.871	0.004	0.004
0.881	0.001	0.001	0.117
0.007	0.875	0.001	0.117
0.001	0.001	0.001	0.997
0.121	0.439	0.068	0.371
0.878	0.120	0.001	0.001
0.003	0.001	0.995	0.001
0.238	0.068	0.001	0.693
0.120	0.754	0.001	0.125
0.997	0.001	0.001	0.001
0.560	0.204	0.001	0.235
>CVAGCCGAAGAA	4-CVAGCCGAAGAA	11.261649	-29.384474	0	T:7.0(1.41%),B:5.9(0.01%),P:1e-12	Tpos:100.9,Tstd:40.3,Bpos:136.0,Bstd:54.4,StrandBias:2.6,Multiplicity:1.00
0.020	0.978	0.001	0.001
0.310	0.310	0.378	0.001
0.997	0.001	0.001	0.001
0.001	0.001	0.978	0.020
0.001	0.688	0.001	0.310
0.001	0.997	0.001	0.001
0.001	0.001	0.997	0.001
0.625	0.021	0.353	0.001
0.688	0.310	0.001	0.001
0.310	0.001	0.688	0.001
0.933	0.065	0.001	0.001
0.978	0.001	0.020	0.001
>ACCTCCTCCCGT	5-ACCTCCTCCCGT	9.093444	-28.186492	0	T:30.0(6.06%),B:562.9(1.17%),P:1e-12	Tpos:94.3,Tstd:49.3,Bpos:98.5,Bstd:59.3,StrandBias:0.4,Multiplicity:1.03
0.822	0.104	0.001	0.073
0.001	0.997	0.001	0.001
0.126	0.815	0.001	0.058
0.001	0.001	0.001	0.997
0.068	0.863	0.001	0.068
0.001	0.765	0.001	0.233
0.001	0.001	0.001	0.997
0.068	0.727	0.137	0.068
0.068	0.812	0.068	0.052
0.127	0.701	0.068	0.104
0.137	0.165	0.583	0.115
0.001	0.001	0.067	0.931
>HGGGGAGGAGCC	6-HGGGGAGGAGCC	9.879146	-27.692960	0	T:22.0(4.44%),B:289.4(0.60%),P:1e-12	Tpos:108.5,Tstd:51.3,Bpos:102.6,Bstd:57.3,StrandBias:0.0,Multiplicity:1.05
0.258	0.363	0.113	0.266
0.004	0.001	0.693	0.302
0.047	0.105	0.847	0.001
0.104	0.001	0.894	0.001
0.001	0.001	0.997	0.001
0.863	0.068	0.001	0.068
0.001	0.001	0.997	0.001
0.001	0.104	0.894	0.001
0.724	0.105	0.066	0.105
0.105	0.105	0.789	0.001
0.001	0.996	0.002	0.001
0.001	0.887	0.108	0.004
>ATGGTAACCACA	7-ATGGTAACCACA	11.044101	-27.630947	0	T:13.0(2.63%),B:70.5(0.15%),P:1e-11	Tpos:75.2,Tstd:48.7,Bpos:85.2,Bstd:59.2,StrandBias:0.2,Multiplicity:1.00
0.997	0.001	0.001	0.001
0.091	0.001	0.080	0.828
0.260	0.091	0.555	0.094
0.001	0.185	0.723	0.091
0.091	0.001	0.231	0.677
0.841	0.001	0.157	0.001
0.817	0.001	0.001	0.181
0.094	0.828	0.001	0.077
0.141	0.812	0.001	0.046
0.997	0.001	0.001	0.001
0.063	0.935	0.001	0.001
0.997	0.001	0.001	0.001
>CCAGGAAACAAG	8-CCAGGAAACAAG	13.805297	-27.505422	0	T:8.0(1.62%),B:12.2(0.03%),P:1e-11	Tpos:112.6,Tstd:65.1,Bpos:84.0,Bstd:49.4,StrandBias:0.7,Multiplicity:1.00
0.001	0.997	0.001	0.001
0.001	0.997	0.001	0.001
0.997	0.001	0.001	0.001
0.001	0.001	0.997	0.001
0.001	0.001	0.997	0.001
0.997	0.001	0.001	0.001
0.997	0.001	0.001	0.001
0.643	0.001	0.178	0.178
0.001	0.821	0.177	0.001
0.848	0.150	0.001	0.001
0.863	0.001	0.135	0.001
0.001	0.001	0.997	0.001
>AGGGCAGGCCAT	9-AGGGCAGGCCAT	12.326725	-26.857252	0	T:9.0(1.82%),B:21.7(0.05%),P:1e-11	Tpos:76.9,Tstd:53.7,Bpos:118.1,Bstd:53.0,StrandBias:0.0,Multiplicity:1.11
0.997	0.001	0.001	0.001
0.001	0.001	0.997	0.001
0.134	0.001	0.707	0.158
0.001	0.001	0.997	0.001
0.001	0.997	0.001	0.001
0.997	0.001	0.001	0.001
0.134	0.001	0.864	0.001
0.001	0.001	0.997	0.001
0.001	0.721	0.120	0.158
0.001	0.997	0.001	0.001
0.841	0.157	0.001	0.001
0.001	0.001	0.001	0.997
>CACATTACTYAG	10-CACATTACTYAG	11.756019	-26.501461	0	T:11.0(2.22%),B:45.1(0.09%),P:1e-11	Tpos:108.8,Tstd:37.3,Bpos:104.4,Bstd:60.7,StrandBias:1.4,Multiplicity:1.00
0.001	0.997	0.001	0.001
0.997	0.001	0.001	0.001
0.001	0.685	0.196	0.118
0.997	0.001	0.001	0.001
0.309	0.118	0.001	0.572
0.001	0.001	0.001	0.997
0.484	0.320	0.001	0.195
0.001	0.657	0.118	0.224
0.001	0.001	0.001	0.997
0.001	0.437	0.001	0.561
0.997	0.001	0.001	0.001
0.001	0.309	0.689	0.001
>CCGCAGGAATGC	11-CCGCAGGAATGC	7.124927	-26.303662	0	T:70.0(14.14%),B:2741.4(5.70%),P:1e-11	Tpos:87.6,Tstd:53.3,Bpos:99.2,Bstd:66.8,StrandBias:-0.1,Multiplicity:1.08
0.159	0.696	0.048	0.097
0.113	0.711	0.043	0.133
0.143	0.183	0.470	0.204
0.049	0.847	0.024	0.080
0.876	0.001	0.013	0.110
0.102	0.040	0.787	0.071
0.072	0.074	0.766	0.088
0.776	0.080	0.095	0.049
0.703	0.115	0.085	0.097
0.072	0.027	0.063	0.838
0.053	0.063	0.799	0.085
0.126	0.732	0.048	0.094
>AAGTCCCAGAAA	12-AAGTCCCAGAAA	10.794563	-25.843592	0	T:18.0(3.64%),B:197.5(0.41%),P:1e-11	Tpos:111.9,Tstd:59.5,Bpos:99.8,Bstd:62.9,StrandBias:0.5,Multiplicity:1.00
0.493	0.001	0.338	0.169
0.997	0.001	0.001	0.001
0.001	0.001	0.997	0.001
0.001	0.169	0.338	0.493
0.001	0.997	0.001	0.001
0.117	0.881	0.001	0.001
0.286	0.712	0.001	0.001
0.830	0.001	0.001	0.168
0.001	0.001	0.997	0.001
0.997	0.001	0.001	0.001
0.997	0.001	0.001	0.001
0.661	0.337	0.001	0.001
>ACTGGAATTTCC	13-ACTGGAATTTCC	14.166999	-25.305431	0	T:7.0(1.41%),B:9.6(0.02%),P:1e-10	Tpos:76.9,Tstd:58.2,Bpos:115.2,Bstd:50.2,StrandBias:1.3,Multiplicity:1.00
0.793	0.001	0.001	0.205
0.205	0.793	0.001	0.001
0.205	0.001	0.001	0.793
0.001	0.001	0.997	0.001
0.001	0.001	0.997	0.001
0.997	0.001	0.001	0.001
0.997	0.001	0.001	0.001
0.001	0.001	0.174	0.824
0.001	0.001	0.001	0.997
0.001	0.001	0.001	0.997
0.001	0.997	0.001	0.001
0.001	0.997	0.001	0.001
>AGGCAGGCAGGA	14-AGGCAGGCAGGA	10.070995	-24.495896	0	T:25.0(5.05%),B:451.1(0.94%),P:1e-10	Tpos:81.5,Tstd:50.3,Bpos:100.9,Bstd:67.9,StrandBias:0.4,Multiplicity:1.12
0.646	0.035	0.150	0.169
0.381	0.074	0.544	0.001
0.113	0.045	0.841	0.001
0.001	0.997	0.001	0.001
0.687	0.221	0.001	0.091
0.001	0.001	0.721	0.277
0.001	0.326	0.672	0.001
0.164	0.834	0.001	0.001
0.848	0.001	0.150	0.001
0.001	0.001	0.997	0.001
0.001	0.001	0.997	0.001
0.564	0.396	0.039	0.001
>AGGGAGTTCCCT	15-AGGGAGTTCCCT	10.909134	-24.282247	0	T:13.0(2.63%),B:92.5(0.19%),P:1e-10	Tpos:106.8,Tstd:51.4,Bpos:98.0,Bstd:47.8,StrandBias:0.2,Multiplicity:1.00
0.575	0.110	0.221	0.094
0.001	0.001	0.997	0.001
0.109	0.001	0.889	0.001
0.001	0.001	0.997	0.001
0.889	0.001	0.001	0.109
0.001	0.204	0.679	0.116
0.001	0.001	0.109	0.889
0.001	0.109	0.001	0.889
0.001	0.889	0.001	0.109
0.001	0.778	0.001	0.220
0.109	0.889	0.001	0.001
0.110	0.220	0.001	0.669
>CAAATAACAAAG	16-CAAATAACAAAG	10.949816	-23.152389	0	T:13.0(2.63%),B:101.3(0.21%),P:1e-10	Tpos:92.7,Tstd:48.2,Bpos:97.1,Bstd:53.2,StrandBias:-0.2,Multiplicity:1.00
0.001	0.910	0.001	0.088
0.997	0.001	0.001	0.001
0.777	0.001	0.126	0.096
0.908	0.089	0.001	0.002
0.108	0.089	0.135	0.668
0.730	0.001	0.001	0.268
0.931	0.001	0.067	0.001
0.001	0.784	0.126	0.089
0.752	0.246	0.001	0.001
0.860	0.138	0.001	0.001
0.900	0.001	0.001	0.098
0.068	0.083	0.781	0.068
>ASCGGSTTMAYC	17-ASCGGSTTMAYC	13.811520	-20.966151	0	T:6.0(1.21%),B:9.6(0.02%),P:1e-9	Tpos:37.0,Tstd:22.6,Bpos:79.1,Bstd:40.7,StrandBias:0.0,Multiplicity:1.00
0.997	0.001	0.001	0.001
0.001	0.548	0.450	0.001
0.001	0.997	0.001	0.001
0.001	0.001	0.997	0.001
0.001	0.001	0.997	0.001
0.001	0.450	0.548	0.001
0.001	0.001	0.001	0.997
0.001	0.001	0.001	0.997
0.450	0.548	0.001	0.001
0.997	0.001	0.001	0.001
0.001	0.450	0.001	0.548
0.001	0.997	0.001	0.001
>CCAGTGGGAGGW	18-CCAGTGGGAGGW	8.836287	-20.860216	0	T:33.0(6.67%),B:910.6(1.89%),P:1e-9	Tpos:109.1,Tstd:51.4,Bpos:99.3,Bstd:67.1,StrandBias:0.2,Multiplicity:1.03
0.001	0.586	0.213	0.200
0.001	0.997	0.001	0.001
0.893	0.035	0.071	0.001
0.143	0.062	0.794	0.001
0.057	0.001	0.153	0.789
0.089	0.001	0.909	0.001
0.001	0.001	0.712	0.286
0.108	0.036	0.785	0.071
0.756	0.001	0.001	0.242
0.097	0.001	0.866	0.036
0.001	0.272	0.665	0.062
0.278	0.144	0.154	0.424
>CAATAGAGGCAC	19-CAATAGAGGCAC	14.640156	-20.794791	0	T:5.0(1.01%),B:4.1(0.01%),P:1e-9	Tpos:76.8,Tstd:52.6,Bpos:69.0,Bstd:47.9,StrandBias:0.6,Multiplicity:1.00
0.001	0.749	0.249	0.001
0.997	0.001	0.001	0.001
0.997	0.001	0.001	0.001
0.001	0.001	0.001	0.997
0.749	0.001	0.249	0.001
0.001	0.001	0.997	0.001
0.997	0.001	0.001	0.001
0.001	0.001	0.997	0.001
0.001	0.001	0.997	0.001
0.249	0.749	0.001	0.001
0.997	0.001	0.001	0.001
0.001	0.997	0.001	0.001
>GCCAGACAGTGG	20-GCCAGACAGTGG	15.296845	-19.687551	0	T:5.0(1.01%),B:5.2(0.01%),P:1e-8	Tpos:36.6,Tstd:25.6,Bpos:37.4,Bstd:39.0,StrandBias:2.0,Multiplicity:1.00
0.001	0.001	0.997	0.001
0.001	0.997	0.001	0.001
0.001	0.727	0.271	0.001
0.997	0.001	0.001	0.001
0.001	0.001	0.997	0.001
0.997	0.001	0.001	0.001
0.001	0.997	0.001	0.001
0.997	0.001	0.001	0.001
0.001	0.001	0.997	0.001
0.001	0.001	0.001	0.997
0.001	0.001	0.997	0.001
0.001	0.001	0.997	0.001
>AGGGCCGTCTGT	21-AGGGCCGTCTGT	7.733544	-19.476347	0	T:41.0(8.28%),B:1396.6(2.90%),P:1e-8	Tpos:109.9,Tstd:52.7,Bpos:100.8,Bstd:61.1,StrandBias:-0.2,Multiplicity:1.13
0.757	0.018	0.156	0.069
0.112	0.071	0.752	0.065
0.087	0.036	0.741	0.136
0.089	0.075	0.765	0.071
0.118	0.810	0.036	0.036
0.202	0.461	0.054	0.284
0.055	0.171	0.641	0.133
0.054	0.054	0.129	0.763
0.018	0.788	0.087	0.107
0.064	0.018	0.071	0.847
0.001	0.053	0.892	0.054
0.107	0.072	0.036	0.785
>GAGGCAATTCCA	22-GAGGCAATTCCA	12.474507	-18.794579	0	T:6.0(1.21%),B:13.7(0.03%),P:1e-8	Tpos:85.5,Tstd:34.7,Bpos:83.5,Bstd:54.8,StrandBias:-10.0,Multiplicity:1.00
0.001	0.001	0.997	0.001
0.997	0.001	0.001	0.001
0.001	0.001	0.997	0.001
0.001	0.001	0.997	0.001
0.001	0.997	0.001	0.001
0.997	0.001	0.001	0.001
0.892	0.001	0.001	0.106
0.001	0.001	0.001	0.997
0.001	0.001	0.149	0.849
0.001	0.997	0.001	0.001
0.001	0.997	0.001	0.001
0.820	0.001	0.001	0.178
>AGCAGCAGCAGC	23-AGCAGCAGCAGC	9.443910	-18.725810	0	T:19.0(3.84%),B:348.7(0.72%),P:1e-8	Tpos:89.9,Tstd:44.4,Bpos:92.9,Bstd:69.3,StrandBias:0.7,Multiplicity:1.05
0.595	0.180	0.201	0.024
0.047	0.056	0.789	0.108
0.250	0.647	0.019	0.084
0.646	0.133	0.141	0.080
0.038	0.106	0.787	0.069
0.035	0.936	0.028	0.001
0.804	0.074	0.029	0.093
0.247	0.018	0.537	0.198
0.048	0.634	0.317	0.001
0.460	0.057	0.194	0.289
0.224	0.157	0.546	0.073
0.368	0.530	0.074	0.028
>TCATCAGYGTGG	24-TCATCAGYGTGG	12.644310	-18.295547	0	T:7.0(1.41%),B:25.3(0.05%),P:1e-7	Tpos:104.6,Tstd:49.8,Bpos:74.0,Bstd:51.9,StrandBias:0.4,Multiplicity:1.00
0.001	0.001	0.001	0.997
0.001	0.807	0.191	0.001
0.807	0.191	0.001	0.001
0.001	0.191	0.001	0.807
0.001	0.616	0.382	0.001
0.997	0.001	0.001	0.001
0.001	0.001	0.997	0.001
0.220	0.396	0.001	0.383
0.001	0.382	0.616	0.001
0.396	0.001	0.001	0.602
0.001	0.001	0.997	0.001
0.001	0.001	0.997	0.001
>KGGGACMGCCCC	25-KGGGACMGCCCC	9.307940	-17.633860	0	T:23.0(4.65%),B:544.7(1.13%),P:1e-7	Tpos:93.4,Tstd:54.3,Bpos:95.0,Bstd:54.6,StrandBias:-0.8,Multiplicity:1.14
0.197	0.099	0.317	0.386
0.001	0.002	0.996	0.001
0.001	0.001	0.902	0.096
0.001	0.329	0.669	0.001
0.540	0.364	0.095	0.001
0.001	0.613	0.385	0.001
0.446	0.552	0.001	0.001
0.001	0.001	0.997	0.001
0.190	0.522	0.190	0.098
0.001	0.941	0.001	0.057
0.001	0.833	0.164	0.002
0.001	0.709	0.287	0.003
>VTGASTCA	1-VTGASTCA	6.333646	-212.470757	0	T:224.0(45.25%),B:4670.6(9.71%),P:1e-92	Tpos:103.0,Tstd:47.3,Bpos:100.1,Bstd:66.9,StrandBias:-0.0,Multiplicity:1.21
0.357	0.236	0.304	0.103
0.003	0.024	0.014	0.959
0.015	0.003	0.827	0.155
0.915	0.058	0.023	0.004
0.065	0.404	0.475	0.056
0.046	0.016	0.024	0.914
0.213	0.731	0.018	0.038
0.897	0.020	0.071	0.012
>TGTGGTTA	2-TGTGGTTA	8.821271	-44.137284	0	T:71.0(14.34%),B:1957.8(4.07%),P:1e-19	Tpos:98.5,Tstd:49.9,Bpos:98.0,Bstd:64.1,StrandBias:0.0,Multiplicity:1.10
0.001	0.001	0.001	0.997
0.001	0.001	0.997	0.001
0.001	0.001	0.001	0.997
0.001	0.001	0.997	0.001
0.001	0.001	0.997	0.001
0.001	0.001	0.001	0.997
0.001	0.164	0.001	0.834
0.642	0.001	0.127	0.230
>GCATTGCT	3-GCATTGCT	6.702250	-34.630538	0	T:98.0(19.80%),B:3996.0(8.30%),P:1e-15	Tpos:101.6,Tstd:48.1,Bpos:99.7,Bstd:67.6,StrandBias:0.5,Multiplicity:1.12
0.001	0.070	0.895	0.034
0.001	0.997	0.001	0.001
0.970	0.001	0.016	0.013
0.110	0.001	0.086	0.803
0.036	0.009	0.001	0.954
0.052	0.154	0.793	0.001
0.007	0.809	0.001	0.183
0.079	0.146	0.001	0.774
>KCTGCTYY	4-KCTGCTYY	4.597118	-31.021571	0	T:156.0(31.52%),B:8449.2(17.56%),P:1e-13	Tpos:107.2,Tstd:54.8,Bpos:100.7,Bstd:66.0,StrandBias:0.1,Multiplicity:1.18
0.187	0.001	0.480	0.332
0.001	0.597	0.060	0.342
0.174	0.205	0.220	0.401
0.040	0.327	0.632	0.001
0.187	0.473	0.194	0.145
0.165	0.089	0.145	0.601
0.063	0.410	0.154	0.373
0.185	0.436	0.071	0.309
>GCAYTTCC	5-GCAYTTCC	4.898252	-30.336596	0	T:126.0(25.45%),B:6251.1(12.99%),P:1e-13	Tpos:92.4,Tstd:53.5,Bpos:100.8,Bstd:64.3,StrandBias:-0.4,Multiplicity:1.15
0.010	0.001	0.988	0.001
0.319	0.679	0.001	0.001
0.997	0.001	0.001	0.001
0.011	0.444	0.001	0.544
0.001	0.001	0.001	0.997
0.001	0.202	0.001	0.796
0.001	0.702	0.001	0.296
0.001	0.997	0.001	0.001
>AGAGGAHG	6-AGAGGAHG	7.050802	-20.938784	0	T:94.0(18.99%),B:4775.7(9.92%),P:1e-9	Tpos:102.5,Tstd:51.3,Bpos:99.0,Bstd:63.5,StrandBias:0.1,Multiplicity:1.14
0.858	0.138	0.003	0.001
0.032	0.272	0.695	0.001
0.962	0.001	0.001	0.036
0.001	0.001	0.997	0.001
0.001	0.119	0.826	0.054
0.846	0.001	0.152	0.001
0.266	0.392	0.014	0.328
0.001	0.001	0.835	0.163
>CAKACCAC	7-CAKACCAC	7.224350	-18.923733	0	T:66.0(13.33%),B:2990.9(6.22%),P:1e-8	Tpos:98.4,Tstd:57.8,Bpos:99.9,Bstd:65.3,StrandBias:-0.6,Multiplicity:1.08
0.001	0.997	0.001	0.001
0.997	0.001	0.001	0.001
0.001	0.001	0.425	0.573
0.619	0.001	0.001	0.379
0.385	0.612	0.002	0.001
0.012	0.750	0.237	0.001
0.997	0.001	0.001	0.001
0.076	0.724	0.025	0.175
>TTTGTGCA	8-TTTGTGCA	6.843369	-18.393329	0	T:96.0(19.39%),B:5176.6(10.76%),P:1e-7	Tpos:103.6,Tstd:55.7,Bpos:100.4,Bstd:66.1,StrandBias:-0.4,Multiplicity:1.18
0.044	0.001	0.040	0.915
0.001	0.073	0.001	0.925
0.035	0.001	0.045	0.919
0.093	0.001	0.905	0.001
0.001	0.001	0.001	0.997
0.001	0.077	0.741	0.181
0.159	0.839	0.001	0.001
0.861	0.037	0.024	0.078
>GTAACGTC	9-GTAACGTC	8.257135	-15.300872	0	T:19.0(3.84%),B:435.3(0.90%),P:1e-6	Tpos:99.5,Tstd:52.2,Bpos:99.5,Bstd:63.9,StrandBias:-0.7,Multiplicity:1.28
0.043	0.042	0.914	0.001
0.001	0.026	0.001	0.972
0.975	0.023	0.001	0.001
0.901	0.041	0.001	0.057
0.001	0.671	0.001	0.327
0.017	0.001	0.837	0.145
0.001	0.001	0.001	0.997
0.001	0.777	0.036	0.186
>CCTGCCGG	10-CCTGCCGG	6.913005	-10.036154	0	T:52.0(10.51%),B:2823.2(5.87%),P:1e-4	Tpos:88.2,Tstd:52.4,Bpos:102.4,Bstd:62.5,StrandBias:0.6,Multiplicity:1.29
0.053	0.942	0.004	0.001
0.001	0.829	0.090	0.080
0.001	0.070	0.142	0.787
0.151	0.012	0.836	0.001
0.001	0.911	0.087	0.001
0.001	0.745	0.100	0.154
0.001	0.001	0.907	0.091
0.136	0.001	0.862	0.001
