>VTGASTCA	1-VTGASTCA	6.333646	-212.470757	0	T:224.0(45.25%),B:4670.6(9.71%),P:1e-92	Tpos:103.0,Tstd:47.3,Bpos:100.1,Bstd:66.9,StrandBias:-0.0,Multiplicity:1.21
0.357	0.236	0.304	0.103
0.003	0.024	0.014	0.959
0.015	0.003	0.827	0.155
0.915	0.058	0.023	0.004
0.065	0.404	0.475	0.056
0.046	0.016	0.024	0.914
0.213	0.731	0.018	0.038
0.897	0.020	0.071	0.012
>TGTGGTTA	2-TGTGGTTA	8.821271	-44.137284	0	T:71.0(14.34%),B:1957.8(4.07%),P:1e-19	Tpos:98.5,Tstd:49.9,Bpos:98.0,Bstd:64.1,StrandBias:0.0,Multiplicity:1.10
0.001	0.001	0.001	0.997
0.001	0.001	0.997	0.001
0.001	0.001	0.001	0.997
0.001	0.001	0.997	0.001
0.001	0.001	0.997	0.001
0.001	0.001	0.001	0.997
0.001	0.164	0.001	0.834
0.642	0.001	0.127	0.230
>GCATTGCT	3-GCATTGCT	6.702250	-34.630538	0	T:98.0(19.80%),B:3996.0(8.30%),P:1e-15	Tpos:101.6,Tstd:48.1,Bpos:99.7,Bstd:67.6,StrandBias:0.5,Multiplicity:1.12
0.001	0.070	0.895	0.034
0.001	0.997	0.001	0.001
0.970	0.001	0.016	0.013
0.110	0.001	0.086	0.803
0.036	0.009	0.001	0.954
0.052	0.154	0.793	0.001
0.007	0.809	0.001	0.183
0.079	0.146	0.001	0.774
>KCTGCTYY	4-KCTGCTYY	4.597118	-31.021571	0	T:156.0(31.52%),B:8449.2(17.56%),P:1e-13	Tpos:107.2,Tstd:54.8,Bpos:100.7,Bstd:66.0,StrandBias:0.1,Multiplicity:1.18
0.187	0.001	0.480	0.332
0.001	0.597	0.060	0.342
0.174	0.205	0.220	0.401
0.040	0.327	0.632	0.001
0.187	0.473	0.194	0.145
0.165	0.089	0.145	0.601
0.063	0.410	0.154	0.373
0.185	0.436	0.071	0.309
>GCAYTTCC	5-GCAYTTCC	4.898252	-30.336596	0	T:126.0(25.45%),B:6251.1(12.99%),P:1e-13	Tpos:92.4,Tstd:53.5,Bpos:100.8,Bstd:64.3,StrandBias:-0.4,Multiplicity:1.15
0.010	0.001	0.988	0.001
0.319	0.679	0.001	0.001
0.997	0.001	0.001	0.001
0.011	0.444	0.001	0.544
0.001	0.001	0.001	0.997
0.001	0.202	0.001	0.796
0.001	0.702	0.001	0.296
0.001	0.997	0.001	0.001
>AGAGGAHG	6-AGAGGAHG	7.050802	-20.938784	0	T:94.0(18.99%),B:4775.7(9.92%),P:1e-9	Tpos:102.5,Tstd:51.3,Bpos:99.0,Bstd:63.5,StrandBias:0.1,Multiplicity:1.14
0.858	0.138	0.003	0.001
0.032	0.272	0.695	0.001
0.962	0.001	0.001	0.036
0.001	0.001	0.997	0.001
0.001	0.119	0.826	0.054
0.846	0.001	0.152	0.001
0.266	0.392	0.014	0.328
0.001	0.001	0.835	0.163
>CAKACCAC	7-CAKACCAC	7.224350	-18.923733	0	T:66.0(13.33%),B:2990.9(6.22%),P:1e-8	Tpos:98.4,Tstd:57.8,Bpos:99.9,Bstd:65.3,StrandBias:-0.6,Multiplicity:1.08
0.001	0.997	0.001	0.001
0.997	0.001	0.001	0.001
0.001	0.001	0.425	0.573
0.619	0.001	0.001	0.379
0.385	0.612	0.002	0.001
0.012	0.750	0.237	0.001
0.997	0.001	0.001	0.001
0.076	0.724	0.025	0.175
>TTTGTGCA	8-TTTGTGCA	6.843369	-18.393329	0	T:96.0(19.39%),B:5176.6(10.76%),P:1e-7	Tpos:103.6,Tstd:55.7,Bpos:100.4,Bstd:66.1,StrandBias:-0.4,Multiplicity:1.18
0.044	0.001	0.040	0.915
0.001	0.073	0.001	0.925
0.035	0.001	0.045	0.919
0.093	0.001	0.905	0.001
0.001	0.001	0.001	0.997
0.001	0.077	0.741	0.181
0.159	0.839	0.001	0.001
0.861	0.037	0.024	0.078
>GTAACGTC	9-GTAACGTC	8.257135	-15.300872	0	T:19.0(3.84%),B:435.3(0.90%),P:1e-6	Tpos:99.5,Tstd:52.2,Bpos:99.5,Bstd:63.9,StrandBias:-0.7,Multiplicity:1.28
0.043	0.042	0.914	0.001
0.001	0.026	0.001	0.972
0.975	0.023	0.001	0.001
0.901	0.041	0.001	0.057
0.001	0.671	0.001	0.327
0.017	0.001	0.837	0.145
0.001	0.001	0.001	0.997
0.001	0.777	0.036	0.186
>CCTGCCGG	10-CCTGCCGG	6.913005	-10.036154	0	T:52.0(10.51%),B:2823.2(5.87%),P:1e-4	Tpos:88.2,Tstd:52.4,Bpos:102.4,Bstd:62.5,StrandBias:0.6,Multiplicity:1.29
0.053	0.942	0.004	0.001
0.001	0.829	0.090	0.080
0.001	0.070	0.142	0.787
0.151	0.012	0.836	0.001
0.001	0.911	0.087	0.001
0.001	0.745	0.100	0.154
0.001	0.001	0.907	0.091
0.136	0.001	0.862	0.001
