>RDNVTGASTCAB	1-RDNVTGASTCAB	7.017918	-224.068443	0	T:186.0(37.58%),B:2783.9(5.79%),P:1e-97	Tpos:103.2,Tstd:46.5,Bpos:101.8,Bstd:65.6,StrandBias:0.1,Multiplicity:1.10
0.277	0.162	0.399	0.162
0.248	0.151	0.255	0.346
0.278	0.208	0.324	0.191
0.370	0.244	0.340	0.046
0.001	0.001	0.068	0.930
0.001	0.023	0.722	0.254
0.862	0.023	0.046	0.069
0.131	0.384	0.346	0.139
0.046	0.023	0.046	0.885
0.070	0.883	0.046	0.001
0.976	0.001	0.001	0.022
0.070	0.254	0.290	0.386
>CTTTCTGTGGTT	2-CTTTCTGTGGTT	9.803236	-35.012711	0	T:29.0(5.86%),B:397.8(0.83%),P:1e-15	Tpos:92.3,Tstd:50.9,Bpos:96.9,Bstd:62.6,StrandBias:-0.1,Multiplicity:1.04
0.065	0.832	0.001	0.102
0.130	0.105	0.001	0.764
0.002	0.176	0.115	0.707
0.001	0.119	0.185	0.695
0.130	0.625	0.130	0.115
0.001	0.001	0.001	0.997
0.001	0.047	0.951	0.001
0.001	0.001	0.001	0.997
0.001	0.049	0.903	0.047
0.130	0.205	0.664	0.001
0.001	0.001	0.001	0.997
0.001	0.131	0.001	0.867
>GCACTYAGTCAA	3-GCACTYAGTCAA	10.397143	-34.911270	0	T:18.0(3.64%),B:114.6(0.24%),P:1e-15	Tpos:107.9,Tstd:60.2,Bpos:100.4,Bstd:71.3,StrandBias:-0.2,Multiplicity:1.00
0.118	0.200	0.681	0.001
0.121	0.871	0.004	0.004
0.881	0.001	0.001	0.117
0.007	0.875	0.001	0.117
0.001	0.001	0.001	0.997
0.121	0.439	0.068	0.371
0.878	0.120	0.001	0.001
0.003	0.001	0.995	0.001
0.238	0.068	0.001	0.693
0.120	0.754	0.001	0.125
0.997	0.001	0.001	0.001
0.560	0.204	0.001	0.235
>CVAGCCGAAGAA	4-CVAGCCGAAGAA	11.261649	-29.384474	0	T:7.0(1.41%),B:5.9(0.01%),P:1e-12	Tpos:100.9,Tstd:40.3,Bpos:136.0,Bstd:54.4,StrandBias:2.6,Multiplicity:1.00
0.020	0.978	0.001	0.001
0.310	0.310	0.378	0.001
0.997	0.001	0.001	0.001
0.001	0.001	0.978	0.020
0.001	0.688	0.001	0.310
0.001	0.997	0.001	0.001
0.001	0.001	0.997	0.001
0.625	0.021	0.353	0.001
0.688	0.310	0.001	0.001
0.310	0.001	0.688	0.001
0.933	0.065	0.001	0.001
0.978	0.001	0.020	0.001
>ACCTCCTCCCGT	5-ACCTCCTCCCGT	9.093444	-28.186492	0	T:30.0(6.06%),B:562.9(1.17%),P:1e-12	Tpos:94.3,Tstd:49.3,Bpos:98.5,Bstd:59.3,StrandBias:0.4,Multiplicity:1.03
0.822	0.104	0.001	0.073
0.001	0.997	0.001	0.001
0.126	0.815	0.001	0.058
0.001	0.001	0.001	0.997
0.068	0.863	0.001	0.068
0.001	0.765	0.001	0.233
0.001	0.001	0.001	0.997
0.068	0.727	0.137	0.068
0.068	0.812	0.068	0.052
0.127	0.701	0.068	0.104
0.137	0.165	0.583	0.115
0.001	0.001	0.067	0.931
>HGGGGAGGAGCC	6-HGGGGAGGAGCC	9.879146	-27.692960	0	T:22.0(4.44%),B:289.4(0.60%),P:1e-12	Tpos:108.5,Tstd:51.3,Bpos:102.6,Bstd:57.3,StrandBias:0.0,Multiplicity:1.05
0.258	0.363	0.113	0.266
0.004	0.001	0.693	0.302
0.047	0.105	0.847	0.001
0.104	0.001	0.894	0.001
0.001	0.001	0.997	0.001
0.863	0.068	0.001	0.068
0.001	0.001	0.997	0.001
0.001	0.104	0.894	0.001
0.724	0.105	0.066	0.105
0.105	0.105	0.789	0.001
0.001	0.996	0.002	0.001
0.001	0.887	0.108	0.004
>ATGGTAACCACA	7-ATGGTAACCACA	11.044101	-27.630947	0	T:13.0(2.63%),B:70.5(0.15%),P:1e-11	Tpos:75.2,Tstd:48.7,Bpos:85.2,Bstd:59.2,StrandBias:0.2,Multiplicity:1.00
0.997	0.001	0.001	0.001
0.091	0.001	0.080	0.828
0.260	0.091	0.555	0.094
0.001	0.185	0.723	0.091
0.091	0.001	0.231	0.677
0.841	0.001	0.157	0.001
0.817	0.001	0.001	0.181
0.094	0.828	0.001	0.077
0.141	0.812	0.001	0.046
0.997	0.001	0.001	0.001
0.063	0.935	0.001	0.001
0.997	0.001	0.001	0.001
>CCAGGAAACAAG	8-CCAGGAAACAAG	13.805297	-27.505422	0	T:8.0(1.62%),B:12.2(0.03%),P:1e-11	Tpos:112.6,Tstd:65.1,Bpos:84.0,Bstd:49.4,StrandBias:0.7,Multiplicity:1.00
0.001	0.997	0.001	0.001
0.001	0.997	0.001	0.001
0.997	0.001	0.001	0.001
0.001	0.001	0.997	0.001
0.001	0.001	0.997	0.001
0.997	0.001	0.001	0.001
0.997	0.001	0.001	0.001
0.643	0.001	0.178	0.178
0.001	0.821	0.177	0.001
0.848	0.150	0.001	0.001
0.863	0.001	0.135	0.001
0.001	0.001	0.997	0.001
>AGGGCAGGCCAT	9-AGGGCAGGCCAT	12.326725	-26.857252	0	T:9.0(1.82%),B:21.7(0.05%),P:1e-11	Tpos:76.9,Tstd:53.7,Bpos:118.1,Bstd:53.0,StrandBias:0.0,Multiplicity:1.11
0.997	0.001	0.001	0.001
0.001	0.001	0.997	0.001
0.134	0.001	0.707	0.158
0.001	0.001	0.997	0.001
0.001	0.997	0.001	0.001
0.997	0.001	0.001	0.001
0.134	0.001	0.864	0.001
0.001	0.001	0.997	0.001
0.001	0.721	0.120	0.158
0.001	0.997	0.001	0.001
0.841	0.157	0.001	0.001
0.001	0.001	0.001	0.997
>CACATTACTYAG	10-CACATTACTYAG	11.756019	-26.501461	0	T:11.0(2.22%),B:45.1(0.09%),P:1e-11	Tpos:108.8,Tstd:37.3,Bpos:104.4,Bstd:60.7,StrandBias:1.4,Multiplicity:1.00
0.001	0.997	0.001	0.001
0.997	0.001	0.001	0.001
0.001	0.685	0.196	0.118
0.997	0.001	0.001	0.001
0.309	0.118	0.001	0.572
0.001	0.001	0.001	0.997
0.484	0.320	0.001	0.195
0.001	0.657	0.118	0.224
0.001	0.001	0.001	0.997
0.001	0.437	0.001	0.561
0.997	0.001	0.001	0.001
0.001	0.309	0.689	0.001
>CCGCAGGAATGC	11-CCGCAGGAATGC	7.124927	-26.303662	0	T:70.0(14.14%),B:2741.4(5.70%),P:1e-11	Tpos:87.6,Tstd:53.3,Bpos:99.2,Bstd:66.8,StrandBias:-0.1,Multiplicity:1.08
0.159	0.696	0.048	0.097
0.113	0.711	0.043	0.133
0.143	0.183	0.470	0.204
0.049	0.847	0.024	0.080
0.876	0.001	0.013	0.110
0.102	0.040	0.787	0.071
0.072	0.074	0.766	0.088
0.776	0.080	0.095	0.049
0.703	0.115	0.085	0.097
0.072	0.027	0.063	0.838
0.053	0.063	0.799	0.085
0.126	0.732	0.048	0.094
>AAGTCCCAGAAA	12-AAGTCCCAGAAA	10.794563	-25.843592	0	T:18.0(3.64%),B:197.5(0.41%),P:1e-11	Tpos:111.9,Tstd:59.5,Bpos:99.8,Bstd:62.9,StrandBias:0.5,Multiplicity:1.00
0.493	0.001	0.338	0.169
0.997	0.001	0.001	0.001
0.001	0.001	0.997	0.001
0.001	0.169	0.338	0.493
0.001	0.997	0.001	0.001
0.117	0.881	0.001	0.001
0.286	0.712	0.001	0.001
0.830	0.001	0.001	0.168
0.001	0.001	0.997	0.001
0.997	0.001	0.001	0.001
0.997	0.001	0.001	0.001
0.661	0.337	0.001	0.001
>ACTGGAATTTCC	13-ACTGGAATTTCC	14.166999	-25.305431	0	T:7.0(1.41%),B:9.6(0.02%),P:1e-10	Tpos:76.9,Tstd:58.2,Bpos:115.2,Bstd:50.2,StrandBias:1.3,Multiplicity:1.00
0.793	0.001	0.001	0.205
0.205	0.793	0.001	0.001
0.205	0.001	0.001	0.793
0.001	0.001	0.997	0.001
0.001	0.001	0.997	0.001
0.997	0.001	0.001	0.001
0.997	0.001	0.001	0.001
0.001	0.001	0.174	0.824
0.001	0.001	0.001	0.997
0.001	0.001	0.001	0.997
0.001	0.997	0.001	0.001
0.001	0.997	0.001	0.001
>AGGCAGGCAGGA	14-AGGCAGGCAGGA	10.070995	-24.495896	0	T:25.0(5.05%),B:451.1(0.94%),P:1e-10	Tpos:81.5,Tstd:50.3,Bpos:100.9,Bstd:67.9,StrandBias:0.4,Multiplicity:1.12
0.646	0.035	0.150	0.169
0.381	0.074	0.544	0.001
0.113	0.045	0.841	0.001
0.001	0.997	0.001	0.001
0.687	0.221	0.001	0.091
0.001	0.001	0.721	0.277
0.001	0.326	0.672	0.001
0.164	0.834	0.001	0.001
0.848	0.001	0.150	0.001
0.001	0.001	0.997	0.001
0.001	0.001	0.997	0.001
0.564	0.396	0.039	0.001
>AGGGAGTTCCCT	15-AGGGAGTTCCCT	10.909134	-24.282247	0	T:13.0(2.63%),B:92.5(0.19%),P:1e-10	Tpos:106.8,Tstd:51.4,Bpos:98.0,Bstd:47.8,StrandBias:0.2,Multiplicity:1.00
0.575	0.110	0.221	0.094
0.001	0.001	0.997	0.001
0.109	0.001	0.889	0.001
0.001	0.001	0.997	0.001
0.889	0.001	0.001	0.109
0.001	0.204	0.679	0.116
0.001	0.001	0.109	0.889
0.001	0.109	0.001	0.889
0.001	0.889	0.001	0.109
0.001	0.778	0.001	0.220
0.109	0.889	0.001	0.001
0.110	0.220	0.001	0.669
>CAAATAACAAAG	16-CAAATAACAAAG	10.949816	-23.152389	0	T:13.0(2.63%),B:101.3(0.21%),P:1e-10	Tpos:92.7,Tstd:48.2,Bpos:97.1,Bstd:53.2,StrandBias:-0.2,Multiplicity:1.00
0.001	0.910	0.001	0.088
0.997	0.001	0.001	0.001
0.777	0.001	0.126	0.096
0.908	0.089	0.001	0.002
0.108	0.089	0.135	0.668
0.730	0.001	0.001	0.268
0.931	0.001	0.067	0.001
0.001	0.784	0.126	0.089
0.752	0.246	0.001	0.001
0.860	0.138	0.001	0.001
0.900	0.001	0.001	0.098
0.068	0.083	0.781	0.068
>ASCGGSTTMAYC	17-ASCGGSTTMAYC	13.811520	-20.966151	0	T:6.0(1.21%),B:9.6(0.02%),P:1e-9	Tpos:37.0,Tstd:22.6,Bpos:79.1,Bstd:40.7,StrandBias:0.0,Multiplicity:1.00
0.997	0.001	0.001	0.001
0.001	0.548	0.450	0.001
0.001	0.997	0.001	0.001
0.001	0.001	0.997	0.001
0.001	0.001	0.997	0.001
0.001	0.450	0.548	0.001
0.001	0.001	0.001	0.997
0.001	0.001	0.001	0.997
0.450	0.548	0.001	0.001
0.997	0.001	0.001	0.001
0.001	0.450	0.001	0.548
0.001	0.997	0.001	0.001
>CCAGTGGGAGGW	18-CCAGTGGGAGGW	8.836287	-20.860216	0	T:33.0(6.67%),B:910.6(1.89%),P:1e-9	Tpos:109.1,Tstd:51.4,Bpos:99.3,Bstd:67.1,StrandBias:0.2,Multiplicity:1.03
0.001	0.586	0.213	0.200
0.001	0.997	0.001	0.001
0.893	0.035	0.071	0.001
0.143	0.062	0.794	0.001
0.057	0.001	0.153	0.789
0.089	0.001	0.909	0.001
0.001	0.001	0.712	0.286
0.108	0.036	0.785	0.071
0.756	0.001	0.001	0.242
0.097	0.001	0.866	0.036
0.001	0.272	0.665	0.062
0.278	0.144	0.154	0.424
>CAATAGAGGCAC	19-CAATAGAGGCAC	14.640156	-20.794791	0	T:5.0(1.01%),B:4.1(0.01%),P:1e-9	Tpos:76.8,Tstd:52.6,Bpos:69.0,Bstd:47.9,StrandBias:0.6,Multiplicity:1.00
0.001	0.749	0.249	0.001
0.997	0.001	0.001	0.001
0.997	0.001	0.001	0.001
0.001	0.001	0.001	0.997
0.749	0.001	0.249	0.001
0.001	0.001	0.997	0.001
0.997	0.001	0.001	0.001
0.001	0.001	0.997	0.001
0.001	0.001	0.997	0.001
0.249	0.749	0.001	0.001
0.997	0.001	0.001	0.001
0.001	0.997	0.001	0.001
>GCCAGACAGTGG	20-GCCAGACAGTGG	15.296845	-19.687551	0	T:5.0(1.01%),B:5.2(0.01%),P:1e-8	Tpos:36.6,Tstd:25.6,Bpos:37.4,Bstd:39.0,StrandBias:2.0,Multiplicity:1.00
0.001	0.001	0.997	0.001
0.001	0.997	0.001	0.001
0.001	0.727	0.271	0.001
0.997	0.001	0.001	0.001
0.001	0.001	0.997	0.001
0.997	0.001	0.001	0.001
0.001	0.997	0.001	0.001
0.997	0.001	0.001	0.001
0.001	0.001	0.997	0.001
0.001	0.001	0.001	0.997
0.001	0.001	0.997	0.001
0.001	0.001	0.997	0.001
>AGGGCCGTCTGT	21-AGGGCCGTCTGT	7.733544	-19.476347	0	T:41.0(8.28%),B:1396.6(2.90%),P:1e-8	Tpos:109.9,Tstd:52.7,Bpos:100.8,Bstd:61.1,StrandBias:-0.2,Multiplicity:1.13
0.757	0.018	0.156	0.069
0.112	0.071	0.752	0.065
0.087	0.036	0.741	0.136
0.089	0.075	0.765	0.071
0.118	0.810	0.036	0.036
0.202	0.461	0.054	0.284
0.055	0.171	0.641	0.133
0.054	0.054	0.129	0.763
0.018	0.788	0.087	0.107
0.064	0.018	0.071	0.847
0.001	0.053	0.892	0.054
0.107	0.072	0.036	0.785
>GAGGCAATTCCA	22-GAGGCAATTCCA	12.474507	-18.794579	0	T:6.0(1.21%),B:13.7(0.03%),P:1e-8	Tpos:85.5,Tstd:34.7,Bpos:83.5,Bstd:54.8,StrandBias:-10.0,Multiplicity:1.00
0.001	0.001	0.997	0.001
0.997	0.001	0.001	0.001
0.001	0.001	0.997	0.001
0.001	0.001	0.997	0.001
0.001	0.997	0.001	0.001
0.997	0.001	0.001	0.001
0.892	0.001	0.001	0.106
0.001	0.001	0.001	0.997
0.001	0.001	0.149	0.849
0.001	0.997	0.001	0.001
0.001	0.997	0.001	0.001
0.820	0.001	0.001	0.178
>AGCAGCAGCAGC	23-AGCAGCAGCAGC	9.443910	-18.725810	0	T:19.0(3.84%),B:348.7(0.72%),P:1e-8	Tpos:89.9,Tstd:44.4,Bpos:92.9,Bstd:69.3,StrandBias:0.7,Multiplicity:1.05
0.595	0.180	0.201	0.024
0.047	0.056	0.789	0.108
0.250	0.647	0.019	0.084
0.646	0.133	0.141	0.080
0.038	0.106	0.787	0.069
0.035	0.936	0.028	0.001
0.804	0.074	0.029	0.093
0.247	0.018	0.537	0.198
0.048	0.634	0.317	0.001
0.460	0.057	0.194	0.289
0.224	0.157	0.546	0.073
0.368	0.530	0.074	0.028
>TCATCAGYGTGG	24-TCATCAGYGTGG	12.644310	-18.295547	0	T:7.0(1.41%),B:25.3(0.05%),P:1e-7	Tpos:104.6,Tstd:49.8,Bpos:74.0,Bstd:51.9,StrandBias:0.4,Multiplicity:1.00
0.001	0.001	0.001	0.997
0.001	0.807	0.191	0.001
0.807	0.191	0.001	0.001
0.001	0.191	0.001	0.807
0.001	0.616	0.382	0.001
0.997	0.001	0.001	0.001
0.001	0.001	0.997	0.001
0.220	0.396	0.001	0.383
0.001	0.382	0.616	0.001
0.396	0.001	0.001	0.602
0.001	0.001	0.997	0.001
0.001	0.001	0.997	0.001
>KGGGACMGCCCC	25-KGGGACMGCCCC	9.307940	-17.633860	0	T:23.0(4.65%),B:544.7(1.13%),P:1e-7	Tpos:93.4,Tstd:54.3,Bpos:95.0,Bstd:54.6,StrandBias:-0.8,Multiplicity:1.14
0.197	0.099	0.317	0.386
0.001	0.002	0.996	0.001
0.001	0.001	0.902	0.096
0.001	0.329	0.669	0.001
0.540	0.364	0.095	0.001
0.001	0.613	0.385	0.001
0.446	0.552	0.001	0.001
0.001	0.001	0.997	0.001
0.190	0.522	0.190	0.098
0.001	0.941	0.001	0.057
0.001	0.833	0.164	0.002
0.001	0.709	0.287	0.003
