>TGCCACTAGGGG	5-TGCCACTAGGGG	6.935201	-335.188317	0	T:1003.0(12.94%),B:2190.3(5.27%),P:1e-145
0.102	0.033	0.120	0.745
0.088	0.073	0.751	0.088
0.075	0.714	0.089	0.122
0.057	0.870	0.017	0.056
0.707	0.125	0.051	0.117
0.070	0.774	0.089	0.067
0.110	0.156	0.060	0.674
0.704	0.061	0.138	0.097
0.083	0.030	0.799	0.088
0.132	0.042	0.749	0.077
0.099	0.050	0.767	0.084
0.099	0.078	0.746	0.077
