>AGATTCCTTTGT	15-AGATTCCTTTGT	9.666114	-62.045555	0	T:130.0(1.68%),B:226.0(0.54%),P:1e-26
0.830	0.018	0.078	0.074
0.046	0.083	0.819	0.052
0.792	0.118	0.039	0.051
0.048	0.088	0.062	0.802
0.024	0.030	0.082	0.864
0.042	0.839	0.037	0.082
0.056	0.866	0.006	0.072
0.028	0.056	0.012	0.904
0.040	0.057	0.073	0.830
0.034	0.012	0.081	0.873
0.082	0.093	0.766	0.059
0.069	0.034	0.080	0.817
