>CTCTTTGTTTAC	19-CTCTTTGTTTAC,BestGuess:PB0016.1_Foxj1_1/Jaspar(0.818)	9.276101	-52.477867	0	T:173.0(2.23%),B:393.1(0.95%),P:1e-22
0.098	0.770	0.056	0.076
0.041	0.060	0.028	0.871
0.062	0.835	0.040	0.063
0.072	0.068	0.019	0.841
0.045	0.084	0.034	0.837
0.056	0.017	0.064	0.863
0.046	0.108	0.810	0.036
0.030	0.077	0.023	0.870
0.039	0.045	0.064	0.852
0.038	0.070	0.022	0.870
0.775	0.051	0.107	0.067
0.045	0.811	0.062	0.082
