>GGCCCCGCCCAC	22-GGCCCCGCCCAC,BestGuess:Sp1(Zf)/Promoter/Homer(0.890)	9.742873	-38.981142	0	T:152.0(1.96%),B:376.3(0.91%),P:1e-16
0.044	0.053	0.859	0.044
0.054	0.076	0.791	0.079
0.044	0.882	0.050	0.024
0.062	0.849	0.055	0.034
0.083	0.837	0.052	0.028
0.083	0.814	0.043	0.060
0.092	0.037	0.773	0.098
0.018	0.886	0.063	0.033
0.019	0.882	0.045	0.054
0.036	0.893	0.024	0.047
0.716	0.156	0.055	0.073
0.051	0.819	0.068	0.062
