>CAATGCATTGTT	14-CAATGCATTGTT	6.641243	-69.546428	0	T:1175.0(15.16%),B:4520.7(10.87%),P:1e-30
0.128	0.676	0.100	0.096
0.797	0.094	0.026	0.083
0.723	0.094	0.099	0.084
0.117	0.034	0.092	0.757
0.076	0.080	0.746	0.098
0.090	0.745	0.079	0.086
0.775	0.086	0.027	0.112
0.083	0.090	0.085	0.742
0.057	0.033	0.082	0.828
0.087	0.111	0.681	0.121
0.058	0.092	0.072	0.778
0.075	0.070	0.100	0.755
