>CCAGCTGGCTGC	17-CCAGCTGGCTGC	8.716684	-56.676277	0	T:314.0(4.05%),B:890.3(2.14%),P:1e-24
0.079	0.799	0.088	0.034
0.075	0.859	0.019	0.047
0.796	0.074	0.069	0.061
0.042	0.037	0.854	0.067
0.066	0.872	0.033	0.029
0.094	0.023	0.037	0.846
0.037	0.028	0.894	0.041
0.054	0.078	0.815	0.053
0.056	0.845	0.056	0.043
0.069	0.048	0.051	0.832
0.018	0.089	0.828	0.065
0.064	0.760	0.089	0.087
