>SSGCCCGCGGSS	24-SSGCCCGCGGSS	7.338453	-25.376113	0	T:418.0(5.39%),B:1595.2(3.84%),P:1e-11
0.037	0.453	0.485	0.025
0.212	0.394	0.270	0.124
0.046	0.148	0.760	0.046
0.059	0.715	0.189	0.037
0.001	0.649	0.267	0.083
0.149	0.525	0.202	0.124
0.001	0.001	0.840	0.158
0.004	0.964	0.001	0.031
0.096	0.290	0.488	0.126
0.050	0.357	0.592	0.001
0.050	0.456	0.443	0.051
0.068	0.473	0.382	0.077
