>CTGTGANTCACY	4-CTGTGANTCACY	8.567806	-436.562174	0	T:494.0(6.37%),B:501.0(1.21%),P:1e-189
0.289	0.576	0.040	0.095
0.269	0.028	0.031	0.672
0.030	0.368	0.541	0.061
0.013	0.017	0.021	0.949
0.023	0.032	0.817	0.128
0.898	0.034	0.026	0.042
0.308	0.255	0.247	0.190
0.030	0.061	0.048	0.861
0.289	0.571	0.097	0.043
0.791	0.038	0.131	0.040
0.360	0.579	0.051	0.010
0.078	0.448	0.067	0.406
