>ATGACTTAGTCA	3-ATGACTTAGTCA	7.154034	-538.115961	0	T:1405.0(18.12%),B:2891.3(6.95%),P:1e-233
0.629	0.129	0.107	0.135
0.229	0.001	0.076	0.694
0.022	0.014	0.805	0.159
0.491	0.113	0.152	0.245
0.064	0.582	0.130	0.224
0.105	0.002	0.001	0.892
0.188	0.164	0.214	0.434
0.810	0.001	0.002	0.187
0.163	0.111	0.535	0.191
0.010	0.092	0.041	0.857
0.086	0.894	0.015	0.005
0.987	0.001	0.001	0.011
