>ATGAYKTCATCC	11-ATGAYKTCATCC,BestGuess:c-Jun-CRE(bZIP)/K562-cJun-ChIP-Seq(GSE31477)/Homer(0.963)	9.233682	-77.787176	0	T:204.0(2.63%),B:407.4(0.98%),P:1e-33
0.621	0.144	0.206	0.029
0.001	0.001	0.014	0.984
0.001	0.001	0.970	0.028
0.956	0.014	0.029	0.001
0.110	0.466	0.101	0.323
0.144	0.087	0.423	0.346
0.101	0.014	0.029	0.856
0.028	0.970	0.001	0.001
0.943	0.014	0.014	0.029
0.001	0.210	0.028	0.761
0.149	0.698	0.086	0.067
0.182	0.639	0.001	0.178
