>TCAKSAGTSACW	10-TCAKSAGTSACW,BestGuess:FERD3L/MA1485.1/Jaspar(0.633)	8.908517	-81.559580	0	T:113.0(1.46%),B:141.6(0.34%),P:1e-35
0.212	0.213	0.179	0.396
0.043	0.902	0.026	0.029
0.684	0.029	0.006	0.281
0.260	0.010	0.305	0.424
0.056	0.521	0.392	0.031
0.730	0.001	0.020	0.249
0.060	0.053	0.670	0.217
0.054	0.181	0.185	0.580
0.177	0.414	0.276	0.133
0.585	0.056	0.014	0.345
0.068	0.827	0.064	0.041
0.376	0.158	0.001	0.465
