>GTAAACAAAGAG	19-CTCTTTGTTTAC	9.276101	-52.477867	0	T:173.0(2.23%),B:393.1(0.95%),P:1e-22
0.082	0.062	0.811	0.045
0.067	0.107	0.051	0.775
0.870	0.022	0.070	0.038
0.852	0.064	0.045	0.039
0.870	0.023	0.077	0.030
0.036	0.810	0.108	0.046
0.863	0.064	0.017	0.056
0.837	0.034	0.084	0.045
0.841	0.019	0.068	0.072
0.063	0.040	0.835	0.062
0.871	0.028	0.060	0.041
0.076	0.056	0.770	0.098
