>GGATGAMRTCAT	11-ATGAYKTCATCC	9.233682	-77.787176	0	T:204.0(2.63%),B:407.4(0.98%),P:1e-33
0.178	0.001	0.639	0.182
0.067	0.086	0.698	0.149
0.761	0.028	0.210	0.001
0.029	0.014	0.014	0.943
0.001	0.001	0.970	0.028
0.856	0.029	0.014	0.101
0.346	0.423	0.087	0.144
0.323	0.101	0.466	0.110
0.001	0.029	0.014	0.956
0.028	0.970	0.001	0.001
0.984	0.014	0.001	0.001
0.029	0.206	0.144	0.621
